#k  alpha  peak_neg  peak_pos  theta_neg  theta_pos  peak_separation
0.0183156 -2 -0.533205 0.180119 2.1 3.88 1.78
1 -2 -1.67262 0.569254 0.72 2.72 2
0.000335463 -2 -0.148851 0.0499184 3.44 5.18 1.74
54.5982 -2 -3.73871 1.32295 -0.76 1.86 2.62
0.0183156 -1.8 -0.445459 0.161854 2.2 4 1.8
0.000335463 -1.8 -0.112446 0.040543 3.66 5.4 1.74
1 -1.8 -1.53955 0.562893 0.74 2.74 2
54.5982 -1.8 -3.63885 1.38351 -0.86 1.82 2.68
0.0183156 -1.6 -0.363786 0.143387 2.32 4.14 1.82
0.000335463 -1.6 -0.0818294 0.0319766 3.88 5.66 1.78
1 -1.6 -1.40634 0.55724 0.74 2.76 2.02
54.5982 -1.6 -3.53555 1.4581 -0.98 1.78 2.76
0.0183156 -1.4 -0.289088 0.124891 2.46 4.32 1.86
0.000335463 -1.4 -0.0568679 0.0243364 4.14 5.96 1.82
1 -1.4 -1.27338 0.552874 0.74 2.8 2.06
54.5982 -1.4 -3.42666 1.55163 -1.14 1.72 2.86
0.0183156 -1.2 -0.227339 0.106594 3.06 4.5 1.44
0.000335463 -1.2 -0.0380575 0.0177257 4.88 6.3 1.42
1 -1.2 -1.1746 0.550827 1.3 2.82 1.52
54.5982 -1.2 -3.43531 1.67144 -0.28 1.66 1.94
0.0183156 -1 -0.172161 0.0888148 3.24 4.74 1.5
0.000335463 -1 -0.0238725 0.0122257 5.24 6.74 1.5
1 -1 -1.07631 0.552823 1.3 2.86 1.56
54.5982 -1 -3.49668 1.82861 -0.38 1.58 1.96
0.0183156 -0.8 -0.123923 0.0719764 3.44 5.04 1.6
0.000335463 -0.8 -0.0136768 0.00787638 5.64 7.26 1.62
1 -0.8 -0.976732 0.562424 1.26 2.92 1.66
54.5982 -0.8 -3.57694 2.04068 -0.5 1.5 2
0.0183156 -0.6 -0.083714 0.056694 3.62 5.4 1.78
1 -0.6 -0.87929 0.587798 1.2 2.98 1.78
0.000335463 -0.6 -0.00696108 0.0046665 6.12 7.9 1.78
54.5982 -0.6 -3.6798 2.33569 -0.66 1.42 2.08
0.0183156 -0.4 -0.0523051 0.0440117 3.76 5.84 2.08
1 -0.4 -0.791001 0.652719 1 3.06 2.06
0.000335463 -0.4 -0.00302983 0.0025176 6.6 8.7 2.1
54.5982 -0.4 -3.806 2.75839 -0.84 1.32 2.16
0.0183156 -0.2 -0.0300334 0.0368324 3.66 6.4 2.74
1 -0.2 -0.730295 0.856816 0.48 3.14 2.66
0.000335463 -0.2 -0.0010772 0.0013022 6.98 9.74 2.76
54.5982 -0.2 -3.9493 3.31357 -1.04 1.24 2.28
0.0183156 0 -0.0181916 0.0562739 -2.74 7.14 9.88
0.000335463 0 -0.00033529 0.00114039 -2.48 11.12 13.6
1 0 -0.789116 1.7441 -1.96 3.24 5.2
54.5982 0 -4.0938 3.56418 -1.18 1.24 2.42
0.0183156 0.2 -0.807497 0.396729 -20 8.58 28.58
0.000335463 0.2 -0.0182382 0.00785262 -20 13.6 33.6
1 0.2 -2.2961 2.773 -11.26 3.68 14.94
54.5982 0.2 -4.22163 3.56052 -1.26 1.26 2.52
0.0183156 0.4 -3.13269 1.43464 -16.56 11.18 27.74
54.5982 0.4 -4.32433 3.52009 -1.3 1.28 2.58
0.000335463 0.4 -0.857758 0.154008 -20 17.88 37.88
1 0.4 -3.19297 2.61253 -6.54 4.52 11.06
0.0183156 0.6 -3.83602 1.40884 -11.38 16.2 27.58
0.000335463 0.6 -3.83591 0.228141 -18.04 20 38.04
1 0.6 -3.88218 2.12316 -4.76 6 10.76
54.5982 0.6 -4.40342 3.46028 -1.28 1.28 2.56
0.0183156 0.8 -4.42861 0.390082 -8.72 20 28.72
0.000335463 0.8 -4.42852 0.0069952 -13.72 20 33.72
1 0.8 -4.43861 1.40726 -3.8 9.52 13.32
54.5982 0.8 -4.46436 3.37995 -1.26 1.26 2.52
0.0183156 1 -4.94902 0.0120618 -7.08 2.94 10.02
0.000335463 1 -4.95025 0.000281563 -11.08 2.48 13.56
1 1 -4.89083 0.597741 -3.2 2.04 5.24
54.5982 1 -4.51302 3.27828 -1.22 1.2 2.42
0.0183156 1.2 -5.41515 0.00975436 -5.98 0.54 6.52
0.000335463 1.2 -5.42153 0.000264886 -9.32 0.8 10.12
1 1.2 -5.2597 0.49991 -2.78 0.36 3.14
54.5982 1.2 -4.5544 3.16039 -1.18 1.08 2.26
0.0183156 1.4 -5.83571 0.00997364 -5.2 -0.12 5.08
0.000335463 1.4 -5.85401 0.000277819 -8.04 0.22 8.26
1 1.4 -5.56306 0.491821 -2.46 -0.22 2.24
54.5982 1.4 -4.59232 3.03843 -1.14 0.92 2.06
0.0183156 1.6 -6.21614 0.0113271 -4.58 -0.5 4.08
1 1.6 -5.81549 0.515113 -2.2 -0.52 1.68
0.000335463 1.6 -6.25474 0.000303569 -7.08 -0.14 6.94
54.5982 1.6 -4.62879 2.92526 -1.1 0.76 1.86
0.0183156 1.8 -6.55998 0.0137603 -4.12 -0.78 3.34
1 1.8 -6.02835 0.554517 -2 -0.7 1.3
0.000335463 1.8 -6.62809 0.000340622 -6.32 -0.4 5.92
54.5982 1.8 -4.66439 2.82802 -1.06 0.6 1.66
0.0497871 -2 -0.722855 0.244573 1.76 3.58 1.82
2.71828 -2 -2.13198 0.728557 0.36 2.46 2.1
0.000911882 -2 -0.205926 0.0692061 3.1 4.86 1.76
148.413 -2 -4.23123 1.53376 -1.14 1.72 2.86
0.0497871 -1.8 -0.619442 0.22539 1.84 3.68 1.84
2.71828 -1.8 -2.00214 0.734563 0.36 2.46 2.1
0.000911882 -1.8 -0.159517 0.0576345 3.3 5.04 1.74
148.413 -1.8 -4.12578 1.61131 -1.28 1.68 2.96
0.0497871 -1.6 -0.520857 0.205588 1.94 3.78 1.84
2.71828 -1.6 -1.87156 0.743733 0.32 2.46 2.14
0.000911882 -1.6 -0.119433 0.0467833 3.5 5.28 1.78
148.413 -1.6 -4.01047 1.70487 -1.46 1.62 3.08
0.0497871 -1.4 -0.428119 0.185273 2.04 3.92 1.88
2.71828 -1.4 -1.741 0.757586 0.3 2.46 2.16
0.000911882 -1.4 -0.0857976 0.0368125 3.72 5.54 1.82
148.413 -1.4 -3.8788 1.8194 -1.68 1.58 3.26
0.0497871 -1.2 -0.350779 0.164622 2.62 4.06 1.44
2.71828 -1.2 -1.6603 0.778592 0.86 2.46 1.6
0.000911882 -1.2 -0.0597517 0.0278836 4.42 5.86 1.44
148.413 -1.2 -3.88418 1.96155 -0.58 1.52 2.1
0.0497871 -1 -0.27879 0.143932 2.74 4.26 1.52
2.71828 -1 -1.58527 0.811035 0.84 2.46 1.62
0.000911882 -1 -0.0392614 0.0201497 4.74 6.24 1.5
148.413 -1 -3.95038 2.14082 -0.68 1.44 2.12
0.0497871 -0.8 -0.212769 0.123669 2.88 4.5 1.62
2.71828 -0.8 -1.51247 0.863078 0.76 2.46 1.7
148.413 -0.8 -4.02426 2.37034 -0.78 1.36 2.14
0.000911882 -0.8 -0.0237978 0.0137388 5.1 6.7 1.6
0.0497871 -0.6 -0.154514 0.104754 3 4.78 1.78
148.413 -0.6 -4.10304 2.66865 -0.9 1.28 2.18
2.71828 -0.6 -1.44784 0.952569 0.64 2.44 1.8
0.000911882 -0.6 -0.0129917 0.0087339 5.48 7.26 1.78
0.0497871 -0.4 -0.105842 0.0891975 3.06 5.14 2.08
148.413 -0.4 -4.18207 3.05763 -1 1.22 2.22
2.71828 -0.4 -1.40501 1.12758 0.38 2.44 2.06
0.000911882 -0.4 -0.00618582 0.00515722 5.9 7.98 2.08
0.0497871 -0.2 -0.068608 0.0842391 2.84 5.58 2.74
2.71828 -0.2 -1.41942 1.56419 -0.16 2.4 2.56
148.413 -0.2 -4.25538 3.46625 -1.08 1.16 2.24
0.000911882 -0.2 -0.00247795 0.00300729 6.14 8.9 2.76
0.0497871 0 -0.0489595 0.14648 -2.6 6.14 8.74
2.71828 0 -1.622 2.72552 -1.7 2.4 4.1
148.413 0 -4.3183 3.57584 -1.14 1.16 2.3
0.000911882 0 -0.000911207 0.00303362 -2.76 10.12 12.88
0.0497871 0.2 -1.58646 0.874516 -20 7.34 27.34
2.71828 0.2 -2.53692 3.1752 -5.66 2.66 8.32
148.413 0.2 -4.36902 3.57347 -1.18 1.18 2.36
0.000911882 0.2 -0.0492296 0.0216388 -20 12.34 32.34
0.0497871 0.4 -3.13303 1.74489 -14.06 9.5 23.56
2.71828 0.4 -3.37689 2.93244 -4.1 3.08 7.18
148.413 0.4 -4.40852 3.5578 -1.18 1.18 2.36
0.000911882 0.4 -1.83137 0.360219 -20 16.2 36.2
0.0497871 0.6 -3.83637 1.56313 -9.72 13.66 23.38
148.413 0.6 -4.43881 3.53482 -1.18 1.18 2.36
2.71828 0.6 -3.98744 2.47327 -3.26 3.66 6.92
0.000911882 0.6 -3.83593 0.583699 -16.38 20 36.38
0.0497871 0.8 -4.42877 0.791644 -7.48 20 27.48
148.413 0.8 -4.46228 3.5038 -1.16 1.18 2.34
0.000911882 0.8 -4.42849 0.0202546 -12.46 20 32.46
2.71828 0.8 -4.45203 1.82755 -2.74 4.06 6.8
0.0497871 1 -4.94696 0.0335414 -6.1 2.78 8.88
0.000911882 1 -4.95021 0.000627357 -10.08 2.9 12.98
148.413 1 -4.48111 3.46323 -1.16 1.16 2.32
2.71828 1 -4.81491 1.26027 -2.38 1.74 4.12
148.413 1.2 -4.49729 3.41219 -1.14 1.1 2.24
0.000911882 1.2 -5.42124 0.000535548 -8.48 0.84 9.32
0.0497871 1.2 -5.40676 0.0275276 -5.16 0.42 5.58
2.71828 1.2 -5.10368 1.06084 -2.1 0.58 2.68
148.413 1.4 -4.51263 3.35144 -1.12 1.04 2.16
0.000911882 1.4 -5.85275 0.000544318 -7.32 0.2 7.52
0.0497871 1.4 -5.81616 0.0285028 -4.48 -0.24 4.24
2.71828 1.4 -5.33761 0.998859 -1.88 0.06 1.94
148.413 1.6 -4.52859 3.28394 -1.1 0.94 2.04
0.000911882 1.6 -6.25163 0.000595108 -6.46 -0.18 6.28
0.0497871 1.6 -6.18051 0.0326537 -3.98 -0.62 3.36
2.71828 1.6 -5.53112 0.991452 -1.7 -0.22 1.48
148.413 1.8 -4.54588 3.21427 -1.08 0.84 1.92
0.000911882 1.8 -6.62167 0.000682784 -5.78 -0.46 5.32
0.0497871 1.8 -6.50495 0.0397466 -3.56 -0.9 2.66
2.71828 1.8 -5.69483 1.01037 -1.54 -0.4 1.14
403.429 -2 -4.6408 1.73652 -1.56 1.6 3.16
0.00247875 -2 -0.284106 0.0956512 2.78 4.52 1.74
0.135335 -2 -0.970047 0.328731 1.42 3.28 1.86
7.38906 -2 -2.64956 0.911564 3.37681e-13 2.24 2.24
403.429 -1.8 -4.51405 1.82728 -1.74 1.56 3.3
0.00247875 -1.8 -0.225647 0.0816952 2.94 4.7 1.76
7.38906 -1.8 -2.52991 0.934 -0.04 2.22 2.26
0.135335 -1.8 -0.852315 0.310531 1.48 3.34 1.86
403.429 -1.6 -4.36692 1.93458 -1.96 1.52 3.48
0.00247875 -1.6 -0.173874 0.0682625 3.1 4.9 1.8
0.135335 -1.6 -0.737567 0.291495 1.54 3.42 1.88
7.38906 -1.6 -2.40964 0.963133 -0.1 2.2 2.3
0.00247875 -1.4 -0.129145 0.0555479 3.3 5.12 1.82
0.135335 -1.4 -0.626915 0.271686 1.62 3.52 1.9
7.38906 -1.4 -2.28978 1.00181 -0.16 2.16 2.32
403.429 -1.4 -4.18926 2.06261 -2.24 1.46 3.7
0.00247875 -1.2 -0.0936229 0.0437694 3.96 5.4 1.44
7.38906 -1.2 -2.24171 1.05469 0.46 2.14 1.68
0.135335 -1.2 -0.535168 0.251233 2.16 3.64 1.48
403.429 -1.2 -4.17747 2.21675 -0.8 1.4 2.2
0.00247875 -1 -0.064467 0.0331526 4.24 5.74 1.5
7.38906 -1 -2.21234 1.12952 0.4 2.1 1.7
0.135335 -1 -0.446472 0.230435 2.26 3.78 1.52
403.429 -1 -4.22529 2.40396 -0.88 1.34 2.22
7.38906 -0.8 -2.19488 1.24062 0.28 2.04 1.76
0.00247875 -0.8 -0.0413586 0.0239322 4.54 6.14 1.6
0.135335 -0.8 -0.361393 0.209922 2.34 3.96 1.62
403.429 -0.8 -4.27162 2.63314 -0.96 1.28 2.24
0.00247875 -0.6 -0.0242264 0.0163319 4.86 6.64 1.78
0.135335 -0.6 -0.282284 0.191226 2.38 4.16 1.78
7.38906 -0.6 -2.19978 1.41745 0.12 1.98 1.86
403.429 -0.6 -4.31433 2.91539 -1.02 1.22 2.24
0.00247875 -0.4 -0.0126219 0.0105584 5.18 7.28 2.1
7.38906 -0.4 -2.24795 1.73095 -0.16 1.9 2.06
403.429 -0.4 -4.35156 3.2565 -1.06 1.16 2.22
0.135335 -0.4 -0.21213 0.178609 2.34 4.42 2.08
0.00247875 -0.2 -0.00569833 0.00694227 5.32 8.08 2.76
7.38906 -0.2 -2.38333 2.37947 -0.62 1.8 2.42
403.429 -0.2 -4.38253 3.53454 -1.1 1.14 2.24
0.135335 -0.2 -0.155286 0.190117 2.02 4.74 2.72
0.00247875 0 -0.00247545 0.00805824 -2.86 9.14 12
7.38906 0 -2.69462 3.31554 -1.46 1.76 3.22
403.429 0 -4.40724 3.57905 -1.12 1.14 2.26
0.135335 0 -0.12983 0.369823 -2.44 5.14 7.58
7.38906 0.2 -3.23334 3.41596 -2.32 1.9 4.22
0.00247875 0.2 -0.131304 0.0591237 -20 11.1 31.1
0.135335 0.2 -2.18918 1.55467 -20 6.08 26.08
403.429 0.2 -4.42646 3.57803 -1.14 1.14 2.28
7.38906 0.4 -3.7646 3.23127 -2.38 2.06 4.44
0.00247875 0.4 -2.89884 0.699452 -20 14.54 34.54
403.429 0.4 -4.44123 3.57213 -1.14 1.14 2.28
0.135335 0.4 -3.13489 2.03346 -11.56 7.82 19.38
7.38906 0.6 -4.16522 2.93117 -2.16 2.18 4.34
0.00247875 0.6 -3.83594 1.04511 -14.72 20 34.72
0.135335 0.6 -3.83816 1.72348 -8.06 11.12 19.18
403.429 0.6 -4.45254 3.56354 -1.14 1.14 2.28
7.38906 0.8 -4.4647 2.53248 -1.94 2.08 4.02
0.00247875 0.8 -4.42853 0.0574638 -11.22 20 31.22
0.135335 0.8 -4.42952 1.10391 -6.22 20 26.22
403.429 0.8 -4.46131 3.55193 -1.14 1.14 2.28
7.38906 1 -4.6972 2.12994 -1.74 1.48 3.22
0.00247875 1 -4.95011 0.00160199 -9.08 3.06 12.14
0.135335 1 -4.9414 0.0921074 -5.1 2.58 7.68
403.429 1 -4.46836 3.53654 -1.12 1.14 2.26
7.38906 1.2 -4.88477 1.86155 -1.58 0.82 2.4
0.00247875 1.2 -5.42041 0.00130203 -7.64 0.78 8.42
0.135335 1.2 -5.38771 0.0766973 -4.34 0.3 4.64
403.429 1.2 -4.47447 3.51655 -1.12 1.12 2.24
7.38906 1.4 -5.04023 1.71628 -1.44 0.4 1.84
0.00247875 1.4 -5.8504 0.00130825 -6.62 0.12 6.74
0.135335 1.4 -5.77698 0.0797 -3.78 -0.34 3.44
403.429 1.4 -4.48035 3.49116 -1.12 1.1 2.22
7.38906 1.6 -5.17218 1.64299 -1.32 0.12 1.44
0.00247875 1.6 -6.24584 0.00144333 -5.84 -0.26 5.58
0.135335 1.6 -6.1165 0.0906852 -3.36 -0.7 2.66
403.429 1.6 -4.48684 3.46011 -1.1 1.04 2.14
7.38906 1.8 -5.28718 1.61026 -1.2 -0.06 1.14
0.00247875 1.8 -6.6111 0.00169478 -5.22 -0.56 4.66
403.429 1.8 -4.49474 3.4238 -1.1 1 2.1
0.135335 1.8 -6.41265 0.108253 -3.02 -0.94 2.08
20.0855 -2 -3.19754 1.11247 -0.36 2.04 2.4
0.00673795 -2 -0.390323 0.131639 2.44 4.2 1.76
1096.63 -2 -4.94859 1.92524 -1.98 1.52 3.5
0.367879 -2 -1.28443 0.436115 1.08 3 1.92
20.0855 -1.8 -3.09064 1.15386 -0.44 2 2.44
0.00673795 -1.8 -0.317917 0.115319 2.58 4.36 1.78
1096.63 -1.8 -4.78653 2.02489 -2.2 1.48 3.68
0.367879 -1.8 -1.15609 0.421871 1.1 3.04 1.94
20.0855 -1.6 -2.98247 1.2059 -0.54 1.96 2.5
0.00673795 -1.6 -0.25221 0.0992144 2.72 4.52 1.8
1096.63 -1.6 -4.59344 2.14039 -2.48 1.42 3.9
0.367879 -1.6 -1.02884 0.407084 1.14 3.08 1.94
20.0855 -1.4 -2.87444 1.2728 -0.64 1.92 2.56
0.00673795 -1.4 -0.19372 0.0835194 2.88 4.72 1.84
1096.63 -1.4 -4.35715 2.27505 -2.84 1.38 4.22
0.367879 -1.4 -0.903599 0.391924 1.18 3.14 1.96
20.0855 -1.2 -2.86194 1.36102 0.08 1.86 1.78
0.00673795 -1.2 -0.146239 0.0684808 3.52 4.96 1.44
1096.63 -1.2 -4.33724 2.43275 -0.96 1.34 2.3
0.367879 -1.2 -0.802736 0.376702 1.72 3.22 1.5
20.0855 -1 -2.88642 1.48129 -0.02 1.8 1.82
0.00673795 -1 -0.105577 0.0543908 3.74 5.24 1.5
1096.63 -1 -4.36307 2.61846 -1 1.28 2.28
0.367879 -1 -0.702558 0.362002 1.76 3.32 1.56
20.0855 -0.8 -2.9317 1.65187 -0.14 1.72 1.86
0.00673795 -0.8 -0.0717233 0.0415886 3.98 5.58 1.6
1096.63 -0.8 -4.38555 2.83796 -1.04 1.24 2.28
0.367879 -0.8 -0.602883 0.349204 1.8 3.42 1.62
20.0855 -0.6 -3.00877 1.9069 -0.32 1.64 1.96
0.00673795 -0.6 -0.0451026 0.0304826 4.24 6.02 1.78
1096.63 -0.6 -4.40435 3.09778 -1.08 1.18 2.26
0.367879 -0.6 -0.506298 0.341591 1.78 3.56 1.78
20.0855 -0.4 -3.1337 2.31501 -0.58 1.52 2.1
0.00673795 -0.4 -0.0257241 0.0215879 4.46 6.56 2.1
1096.63 -0.4 -4.41956 3.38947 -1.1 1.14 2.24
0.367879 -0.4 -0.417151 0.349231 1.66 3.74 2.08
20.0855 -0.2 -3.32558 2.98898 -0.9 1.42 2.32
0.00673795 -0.2 -0.0130937 0.0160107 4.48 7.24 2.76
1096.63 -0.2 -4.43153 3.5629 -1.12 1.14 2.26
0.367879 -0.2 -0.344294 0.416493 1.22 3.92 2.7
20.0855 0 -3.58832 3.51536 -1.28 1.4 2.68
0.00673795 0 -0.00671868 0.0213514 -2.84 8.14 10.98
1096.63 0 -4.44089 3.58003 -1.12 1.14 2.26
0.367879 0 -0.332485 0.868039 -2.22 4.18 6.4
0.00673795 0.2 -0.339232 0.157796 -20 9.84 29.84
20.0855 0.2 -3.87691 3.52257 -1.54 1.46 3
1096.63 0.2 -4.44804 3.57964 -1.12 1.14 2.26
0.367879 0.2 -2.23691 2.22565 -16.36 4.86 21.22
0.00673795 0.4 -3.13263 1.08515 -19.06 12.86 31.92
20.0855 0.4 -4.12713 3.42695 -1.6 1.52 3.12
1096.63 0.4 -4.4535 3.57747 -1.12 1.14 2.26
0.367879 0.4 -3.14483 2.31677 -9.06 6.14 15.2
0.00673795 0.6 -3.83593 1.25586 -13.04 18.72 31.76
20.0855 0.6 -4.3201 3.2817 -1.54 1.54 3.08
1096.63 0.6 -4.45769 3.5743 -1.12 1.14 2.26
0.367879 0.6 -3.84677 1.89957 -6.4 8.58 14.98
0.00673795 0.8 -4.42852 0.15666 -9.96 20 29.96
20.0855 0.8 -4.46698 3.08854 -1.48 1.48 2.96
1096.63 0.8 -4.46094 3.56998 -1.12 1.14 2.26
0.367879 0.8 -4.43189 1.22423 -5 14.92 19.92
0.00673795 1 -4.94982 0.00434816 -8.08 3.06 11.14
20.0855 1 -4.58292 2.86229 -1.38 1.3 2.68
1096.63 1 -4.46356 3.56424 -1.12 1.12 2.24
0.367879 1 -4.9267 0.244104 -4.12 2.32 6.44
0.00673795 1.2 -5.41892 0.00349166 -6.82 0.68 7.5
20.0855 1.2 -4.67949 2.64475 -1.3 1 2.3
1096.63 1.2 -4.46581 3.55675 -1.12 1.12 2.24
0.367879 1.2 -5.34592 0.204635 -3.54 0.26 3.8
0.00673795 1.4 -5.84566 0.00352551 -5.9 0.02 5.92
20.0855 1.4 -4.76368 2.47137 -1.22 0.7 1.92
1096.63 1.4 -4.468 3.54693 -1.12 1.12 2.24
0.367879 1.4 -5.70132 0.209239 -3.1 -0.36 2.74
0.00673795 1.6 -6.23548 0.00394578 -5.2 -0.38 4.82
20.0855 1.6 -4.83904 2.34704 -1.14 0.48 1.62
1096.63 1.6 -4.47053 3.53442 -1.12 1.1 2.22
0.367879 1.6 -6.00352 0.230754 -2.76 -0.68 2.08
0.00673795 1.8 -6.59232 0.00472683 -4.66 -0.66 4
20.0855 1.8 -4.90772 2.26187 -1.06 0.3 1.36
1096.63 1.8 -4.47388 3.51872 -1.1 1.08 2.18
0.367879 1.8 -6.26225 0.263375 -2.5 -0.88 1.62
