19.98	-1.4055e-07
19.96	-8.06452e-08
19.94	-6.13842e-08
19.92	-5.27078e-08
19.9	-4.77451e-08
19.88	-4.45366e-08
19.86	-4.23273e-08
19.84	-4.0748e-08
19.82	-3.96003e-08
19.8	-3.87565e-08
19.78	-3.81487e-08
19.76	-3.77157e-08
19.74	-3.74256e-08
19.72	-3.72535e-08
19.7	-3.71772e-08
19.68	-3.71828e-08
19.66	-3.72577e-08
19.64	-3.73965e-08
19.62	-3.75852e-08
19.6	-3.78267e-08
19.58	-3.81084e-08
19.56	-3.84318e-08
19.54	-3.8794e-08
19.52	-3.91881e-08
19.5	-3.96183e-08
19.48	-4.00763e-08
19.46	-4.0562e-08
19.44	-4.10769e-08
19.42	-4.16209e-08
19.4	-4.21857e-08
19.38	-4.27797e-08
19.36	-4.33972e-08
19.34	-4.4037e-08
19.32	-4.47017e-08
19.3	-4.53901e-08
19.28	-4.61006e-08
19.26	-4.68348e-08
19.24	-4.75911e-08
19.22	-4.83696e-08
19.2	-4.91746e-08
19.18	-4.99989e-08
19.16	-5.08468e-08
19.14	-5.1717e-08
19.12	-5.26121e-08
19.1	-5.35294e-08
19.08	-5.44662e-08
19.06	-5.54307e-08
19.04	-5.6416e-08
19.02	-5.74304e-08
19	-5.84657e-08
18.98	-5.95246e-08
18.96	-6.06071e-08
18.94	-6.17201e-08
18.92	-6.28581e-08
18.9	-6.40196e-08
18.88	-6.52048e-08
18.86	-6.64205e-08
18.84	-6.76639e-08
18.82	-6.8931e-08
18.8	-7.02299e-08
18.78	-7.1558e-08
18.76	-7.29097e-08
18.74	-7.42961e-08
18.72	-7.57117e-08
18.7	-7.71563e-08
18.68	-7.86315e-08
18.66	-8.01414e-08
18.64	-8.16819e-08
18.62	-8.32528e-08
18.6	-8.48599e-08
18.58	-8.64975e-08
18.56	-8.81725e-08
18.54	-8.98823e-08
18.52	-9.16267e-08
18.5	-9.34114e-08
18.48	-9.52322e-08
18.46	-9.70876e-08
18.44	-9.89861e-08
18.42	-1.00919e-07
18.4	-1.02894e-07
18.38	-1.04911e-07
18.36	-1.06971e-07
18.34	-1.0907e-07
18.32	-1.11217e-07
18.3	-1.13402e-07
18.28	-1.15639e-07
18.26	-1.17917e-07
18.24	-1.20241e-07
18.22	-1.22619e-07
18.2	-1.25039e-07
18.18	-1.27512e-07
18.16	-1.30033e-07
18.14	-1.32609e-07
18.12	-1.35236e-07
18.1	-1.37917e-07
18.08	-1.40654e-07
18.06	-1.43444e-07
18.04	-1.46293e-07
18.02	-1.49199e-07
18	-1.52164e-07
17.98	-1.55191e-07
17.96	-1.58275e-07
17.94	-1.61428e-07
17.92	-1.64642e-07
17.9	-1.6792e-07
17.88	-1.71269e-07
17.86	-1.74681e-07
17.84	-1.78164e-07
17.82	-1.81719e-07
17.8	-1.85346e-07
17.78	-1.89047e-07
17.76	-1.92819e-07
17.74	-1.96672e-07
17.72	-2.00602e-07
17.7	-2.0461e-07
17.68	-2.08698e-07
17.66	-2.12871e-07
17.64	-2.17128e-07
17.62	-2.21471e-07
17.6	-2.25901e-07
17.58	-2.30423e-07
17.56	-2.35034e-07
17.54	-2.39742e-07
17.52	-2.4454e-07
17.5	-2.49438e-07
17.48	-2.54434e-07
17.46	-2.59533e-07
17.44	-2.6473e-07
17.42	-2.70035e-07
17.4	-2.75444e-07
17.38	-2.80968e-07
17.36	-2.86601e-07
17.34	-2.92348e-07
17.32	-2.98207e-07
17.3	-3.04189e-07
17.28	-3.10289e-07
17.26	-3.16513e-07
17.24	-3.22863e-07
17.22	-3.29341e-07
17.2	-3.35949e-07
17.18	-3.4269e-07
17.16	-3.49569e-07
17.14	-3.56584e-07
17.12	-3.63738e-07
17.1	-3.71039e-07
17.08	-3.78488e-07
17.06	-3.86086e-07
17.04	-3.93836e-07
17.02	-4.01743e-07
17	-4.09808e-07
16.98	-4.18038e-07
16.96	-4.26433e-07
16.94	-4.34996e-07
16.92	-4.43731e-07
16.9	-4.52643e-07
16.88	-4.61735e-07
16.86	-4.71007e-07
16.84	-4.80468e-07
16.82	-4.90116e-07
16.8	-4.99961e-07
16.78	-5.10006e-07
16.76	-5.20248e-07
16.74	-5.30698e-07
16.72	-5.4136e-07
16.7	-5.52235e-07
16.68	-5.63327e-07
16.66	-5.74643e-07
16.64	-5.86185e-07
16.62	-5.97963e-07
16.6	-6.09972e-07
16.58	-6.22229e-07
16.56	-6.34728e-07
16.54	-6.47481e-07
16.52	-6.60486e-07
16.5	-6.73754e-07
16.48	-6.87289e-07
16.46	-7.01096e-07
16.44	-7.15181e-07
16.42	-7.29547e-07
16.4	-7.44202e-07
16.38	-7.59154e-07
16.36	-7.74401e-07
16.34	-7.89957e-07
16.32	-8.05826e-07
16.3	-8.22012e-07
16.28	-8.38524e-07
16.26	-8.55366e-07
16.24	-8.72549e-07
16.22	-8.90069e-07
16.2	-9.07947e-07
16.18	-9.26186e-07
16.16	-9.44787e-07
16.14	-9.63762e-07
16.12	-9.83114e-07
16.1	-1.00286e-06
16.08	-1.023e-06
16.06	-1.04354e-06
16.04	-1.0645e-06
16.02	-1.08587e-06
16	-1.10767e-06
15.98	-1.12991e-06
15.96	-1.1526e-06
15.94	-1.17574e-06
15.92	-1.19934e-06
15.9	-1.22342e-06
15.88	-1.24798e-06
15.86	-1.27303e-06
15.84	-1.29858e-06
15.82	-1.32465e-06
15.8	-1.35123e-06
15.78	-1.37835e-06
15.76	-1.40601e-06
15.74	-1.43423e-06
15.72	-1.46301e-06
15.7	-1.49237e-06
15.68	-1.52231e-06
15.66	-1.55286e-06
15.64	-1.58401e-06
15.62	-1.61579e-06
15.6	-1.64821e-06
15.58	-1.68127e-06
15.56	-1.71499e-06
15.54	-1.74939e-06
15.52	-1.78448e-06
15.5	-1.82026e-06
15.48	-1.85677e-06
15.46	-1.894e-06
15.44	-1.93198e-06
15.42	-1.97072e-06
15.4	-2.01023e-06
15.38	-2.05053e-06
15.36	-2.09163e-06
15.34	-2.13356e-06
15.32	-2.17633e-06
15.3	-2.21995e-06
15.28	-2.26444e-06
15.26	-2.30982e-06
15.24	-2.3561e-06
15.22	-2.40331e-06
15.2	-2.45146e-06
15.18	-2.50058e-06
15.16	-2.55067e-06
15.14	-2.60176e-06
15.12	-2.65388e-06
15.1	-2.70703e-06
15.08	-2.76124e-06
15.06	-2.81653e-06
15.04	-2.87293e-06
15.02	-2.93045e-06
15	-2.98912e-06
14.98	-3.04896e-06
14.96	-3.10999e-06
14.94	-3.17224e-06
14.92	-3.23573e-06
14.9	-3.30048e-06
14.88	-3.36652e-06
14.86	-3.43388e-06
14.84	-3.50258e-06
14.82	-3.57265e-06
14.8	-3.64411e-06
14.78	-3.717e-06
14.76	-3.79134e-06
14.74	-3.86716e-06
14.72	-3.94448e-06
14.7	-4.02334e-06
14.68	-4.10378e-06
14.66	-4.18581e-06
14.64	-4.26948e-06
14.62	-4.35481e-06
14.6	-4.44183e-06
14.58	-4.53059e-06
14.56	-4.62111e-06
14.54	-4.71343e-06
14.52	-4.80758e-06
14.5	-4.90361e-06
14.48	-5.00154e-06
14.46	-5.10141e-06
14.44	-5.20327e-06
14.42	-5.30715e-06
14.4	-5.4131e-06
14.38	-5.52115e-06
14.36	-5.63133e-06
14.34	-5.74371e-06
14.32	-5.85832e-06
14.3	-5.9752e-06
14.28	-6.0944e-06
14.26	-6.21596e-06
14.24	-6.33993e-06
14.22	-6.46636e-06
14.2	-6.59529e-06
14.18	-6.72678e-06
14.16	-6.86087e-06
14.14	-6.99762e-06
14.12	-7.13708e-06
14.1	-7.2793e-06
14.08	-7.42433e-06
14.06	-7.57223e-06
14.04	-7.72306e-06
14.02	-7.87687e-06
14	-8.03372e-06
13.98	-8.19368e-06
13.96	-8.3568e-06
13.94	-8.52314e-06
13.92	-8.69277e-06
13.9	-8.86575e-06
13.88	-9.04215e-06
13.86	-9.22203e-06
13.84	-9.40546e-06
13.82	-9.59252e-06
13.8	-9.78326e-06
13.78	-9.97777e-06
13.76	-1.01761e-05
13.74	-1.03784e-05
13.72	-1.05846e-05
13.7	-1.07949e-05
13.68	-1.10094e-05
13.66	-1.12281e-05
13.64	-1.14511e-05
13.62	-1.16785e-05
13.6	-1.19103e-05
13.58	-1.21467e-05
13.56	-1.23878e-05
13.54	-1.26336e-05
13.52	-1.28843e-05
13.5	-1.31399e-05
13.48	-1.34005e-05
13.46	-1.36662e-05
13.44	-1.39372e-05
13.42	-1.42135e-05
13.4	-1.44952e-05
13.38	-1.47824e-05
13.36	-1.50753e-05
13.34	-1.53739e-05
13.32	-1.56784e-05
13.3	-1.59889e-05
13.28	-1.63054e-05
13.26	-1.66282e-05
13.24	-1.69572e-05
13.22	-1.72928e-05
13.2	-1.76349e-05
13.18	-1.79837e-05
13.16	-1.83393e-05
13.14	-1.87019e-05
13.12	-1.90715e-05
13.1	-1.94484e-05
13.08	-1.98327e-05
13.06	-2.02245e-05
13.04	-2.06239e-05
13.02	-2.10312e-05
13	-2.14464e-05
12.98	-2.18697e-05
12.96	-2.23013e-05
12.94	-2.27412e-05
12.92	-2.31898e-05
12.9	-2.36471e-05
12.88	-2.41134e-05
12.86	-2.45887e-05
12.84	-2.50732e-05
12.82	-2.55672e-05
12.8	-2.60708e-05
12.78	-2.65843e-05
12.76	-2.71077e-05
12.74	-2.76413e-05
12.72	-2.81852e-05
12.7	-2.87397e-05
12.68	-2.9305e-05
12.66	-2.98813e-05
12.64	-3.04688e-05
12.62	-3.10676e-05
12.6	-3.16781e-05
12.58	-3.23004e-05
12.56	-3.29348e-05
12.54	-3.35814e-05
12.52	-3.42406e-05
12.5	-3.49125e-05
12.48	-3.55975e-05
12.46	-3.62957e-05
12.44	-3.70074e-05
12.42	-3.77328e-05
12.4	-3.84723e-05
12.38	-3.9226e-05
12.36	-3.99943e-05
12.34	-4.07775e-05
12.32	-4.15757e-05
12.3	-4.23893e-05
12.28	-4.32186e-05
12.26	-4.40639e-05
12.24	-4.49255e-05
12.22	-4.58036e-05
12.2	-4.66987e-05
12.18	-4.76109e-05
12.16	-4.85407e-05
12.14	-4.94884e-05
12.12	-5.04543e-05
12.1	-5.14387e-05
12.08	-5.2442e-05
12.06	-5.34645e-05
12.04	-5.45066e-05
12.02	-5.55687e-05
12	-5.66512e-05
11.98	-5.77544e-05
11.96	-5.88787e-05
11.94	-6.00245e-05
11.92	-6.11922e-05
11.9	-6.23822e-05
11.88	-6.35949e-05
11.86	-6.48308e-05
11.84	-6.60903e-05
11.82	-6.73737e-05
11.8	-6.86817e-05
11.78	-7.00146e-05
11.76	-7.13728e-05
11.74	-7.27569e-05
11.72	-7.41673e-05
11.7	-7.56045e-05
11.68	-7.70691e-05
11.66	-7.85614e-05
11.64	-8.00821e-05
11.62	-8.16316e-05
11.6	-8.32105e-05
11.58	-8.48194e-05
11.56	-8.64587e-05
11.54	-8.8129e-05
11.52	-8.98309e-05
11.5	-9.1565e-05
11.48	-9.33319e-05
11.46	-9.51321e-05
11.44	-9.69663e-05
11.42	-9.88352e-05
11.4	-0.000100739
11.38	-0.000102679
11.36	-0.000104656
11.34	-0.000106669
11.32	-0.000108721
11.3	-0.000110811
11.28	-0.00011294
11.26	-0.000115109
11.24	-0.00011732
11.22	-0.000119571
11.2	-0.000121865
11.18	-0.000124201
11.16	-0.000126581
11.14	-0.000129006
11.12	-0.000131476
11.1	-0.000133993
11.08	-0.000136556
11.06	-0.000139167
11.04	-0.000141827
11.02	-0.000144536
11	-0.000147296
10.98	-0.000150107
10.96	-0.00015297
10.94	-0.000155887
10.92	-0.000158857
10.9	-0.000161883
10.88	-0.000164965
10.86	-0.000168104
10.84	-0.000171301
10.82	-0.000174557
10.8	-0.000177874
10.78	-0.000181251
10.76	-0.000184691
10.74	-0.000188195
10.72	-0.000191763
10.7	-0.000195396
10.68	-0.000199097
10.66	-0.000202866
10.64	-0.000206704
10.62	-0.000210612
10.6	-0.000214592
10.58	-0.000218645
10.56	-0.000222772
10.54	-0.000226975
10.52	-0.000231255
10.5	-0.000235613
10.48	-0.00024005
10.46	-0.000244569
10.44	-0.00024917
10.42	-0.000253854
10.4	-0.000258624
10.38	-0.000263481
10.36	-0.000268426
10.34	-0.000273461
10.32	-0.000278587
10.3	-0.000283806
10.28	-0.000289119
10.26	-0.000294529
10.24	-0.000300036
10.22	-0.000305643
10.2	-0.000311352
10.18	-0.000317163
10.16	-0.000323078
10.14	-0.000329101
10.12	-0.000335231
10.1	-0.000341472
10.08	-0.000347825
10.06	-0.000354291
10.04	-0.000360874
10.02	-0.000367574
10	-0.000374395
9.98	-0.000381337
9.96	-0.000388403
9.94	-0.000395595
9.92	-0.000402915
9.9	-0.000410366
9.88	-0.000417949
9.86	-0.000425667
9.84	-0.000433522
9.82	-0.000441516
9.8	-0.000449652
9.78	-0.000457932
9.76	-0.000466358
9.74	-0.000474933
9.72	-0.00048366
9.7	-0.00049254
9.68	-0.000501577
9.66	-0.000510773
9.64	-0.00052013
9.62	-0.000529652
9.6	-0.000539341
9.58	-0.000549199
9.56	-0.00055923
9.54	-0.000569437
9.52	-0.000579821
9.5	-0.000590387
9.48	-0.000601138
9.46	-0.000612075
9.44	-0.000623203
9.42	-0.000634524
9.4	-0.000646041
9.38	-0.000657758
9.36	-0.000669678
9.34	-0.000681805
9.32	-0.000694141
9.3	-0.00070669
9.28	-0.000719455
9.26	-0.00073244
9.24	-0.000745649
9.22	-0.000759084
9.2	-0.00077275
9.18	-0.000786651
9.16	-0.00080079
9.14	-0.00081517
9.12	-0.000829797
9.1	-0.000844673
9.08	-0.000859802
9.06	-0.00087519
9.04	-0.000890839
9.02	-0.000906753
9	-0.000922938
8.98	-0.000939398
8.96	-0.000956136
8.94	-0.000973157
8.92	-0.000990465
8.9	-0.00100807
8.88	-0.00102596
8.86	-0.00104416
8.84	-0.00106266
8.82	-0.00108148
8.8	-0.00110061
8.78	-0.00112006
8.76	-0.00113984
8.74	-0.00115994
8.72	-0.00118038
8.7	-0.00120117
8.68	-0.00122229
8.66	-0.00124377
8.64	-0.00126561
8.62	-0.00128781
8.6	-0.00131037
8.58	-0.00133331
8.56	-0.00135663
8.54	-0.00138033
8.52	-0.00140442
8.5	-0.00142891
8.48	-0.0014538
8.46	-0.0014791
8.44	-0.00150482
8.42	-0.00153095
8.4	-0.00155752
8.38	-0.00158451
8.36	-0.00161195
8.34	-0.00163983
8.32	-0.00166817
8.3	-0.00169696
8.28	-0.00172623
8.26	-0.00175596
8.24	-0.00178618
8.22	-0.00181689
8.2	-0.00184809
8.18	-0.00187979
8.16	-0.00191201
8.14	-0.00194474
8.12	-0.00197799
8.1	-0.00201178
8.08	-0.00204611
8.06	-0.00208099
8.04	-0.00211642
8.02	-0.00215242
8	-0.00218899
7.98	-0.00222615
7.96	-0.00226389
7.94	-0.00230223
7.92	-0.00234117
7.9	-0.00238073
7.88	-0.00242092
7.86	-0.00246173
7.84	-0.00250319
7.82	-0.0025453
7.8	-0.00258808
7.78	-0.00263152
7.76	-0.00267564
7.74	-0.00272045
7.72	-0.00276595
7.7	-0.00281217
7.68	-0.0028591
7.66	-0.00290677
7.64	-0.00295517
7.62	-0.00300432
7.6	-0.00305423
7.58	-0.00310492
7.56	-0.00315638
7.54	-0.00320863
7.52	-0.00326169
7.5	-0.00331556
7.48	-0.00337026
7.46	-0.00342579
7.44	-0.00348218
7.42	-0.00353942
7.4	-0.00359753
7.38	-0.00365653
7.36	-0.00371642
7.34	-0.00377723
7.32	-0.00383895
7.3	-0.0039016
7.28	-0.0039652
7.26	-0.00402976
7.24	-0.00409529
7.22	-0.00416181
7.2	-0.00422932
7.18	-0.00429785
7.16	-0.0043674
7.14	-0.00443798
7.12	-0.00450962
7.1	-0.00458233
7.08	-0.00465612
7.06	-0.004731
7.04	-0.004807
7.02	-0.00488411
7	-0.00496237
6.98	-0.00504178
6.96	-0.00512236
6.94	-0.00520413
6.92	-0.00528709
6.9	-0.00537128
6.88	-0.00545669
6.86	-0.00554336
6.84	-0.00563128
6.82	-0.00572049
6.8	-0.005811
6.78	-0.00590282
6.76	-0.00599597
6.74	-0.00609048
6.72	-0.00618635
6.7	-0.0062836
6.68	-0.00638225
6.66	-0.00648233
6.64	-0.00658384
6.62	-0.00668681
6.6	-0.00679125
6.58	-0.00689718
6.56	-0.00700463
6.54	-0.00711361
6.52	-0.00722415
6.5	-0.00733625
6.48	-0.00744994
6.46	-0.00756525
6.44	-0.00768218
6.42	-0.00780077
6.4	-0.00792102
6.38	-0.00804298
6.36	-0.00816664
6.34	-0.00829204
6.32	-0.0084192
6.3	-0.00854814
6.28	-0.00867888
6.26	-0.00881144
6.24	-0.00894585
6.22	-0.00908212
6.2	-0.00922029
6.18	-0.00936037
6.16	-0.00950239
6.14	-0.00964638
6.12	-0.00979234
6.1	-0.00994032
6.08	-0.0100903
6.06	-0.0102424
6.04	-0.0103966
6.02	-0.0105528
6	-0.0107112
5.98	-0.0108718
5.96	-0.0110346
5.94	-0.0111995
5.92	-0.0113667
5.9	-0.0115362
5.88	-0.011708
5.86	-0.0118821
5.84	-0.0120585
5.82	-0.0122373
5.8	-0.0124185
5.78	-0.0126022
5.76	-0.0127883
5.74	-0.0129769
5.72	-0.0131681
5.7	-0.0133617
5.68	-0.013558
5.66	-0.0137569
5.64	-0.0139584
5.62	-0.0141626
5.6	-0.0143695
5.58	-0.0145791
5.56	-0.0147915
5.54	-0.0150067
5.52	-0.0152248
5.5	-0.0154457
5.48	-0.0156695
5.46	-0.0158962
5.44	-0.0161259
5.42	-0.0163586
5.4	-0.0165943
5.38	-0.0168332
5.36	-0.0170751
5.34	-0.0173201
5.32	-0.0175684
5.3	-0.0178198
5.28	-0.0180745
5.26	-0.0183325
5.24	-0.0185938
5.22	-0.0188584
5.2	-0.0191265
5.18	-0.019398
5.16	-0.019673
5.14	-0.0199515
5.12	-0.0202336
5.1	-0.0205192
5.08	-0.0208085
5.06	-0.0211015
5.04	-0.0213982
5.02	-0.0216986
5	-0.0220029
4.98	-0.022311
4.96	-0.022623
4.94	-0.0229389
4.92	-0.0232588
4.9	-0.0235827
4.88	-0.0239107
4.86	-0.0242428
4.84	-0.024579
4.82	-0.0249194
4.8	-0.0252641
4.78	-0.0256131
4.76	-0.0259664
4.74	-0.0263241
4.72	-0.0266863
4.7	-0.0270529
4.68	-0.027424
4.66	-0.0277998
4.64	-0.0281802
4.62	-0.0285652
4.6	-0.028955
4.58	-0.0293496
4.56	-0.029749
4.54	-0.0301533
4.52	-0.0305625
4.5	-0.0309768
4.48	-0.0313961
4.46	-0.0318204
4.44	-0.03225
4.42	-0.0326848
4.4	-0.0331248
4.38	-0.0335702
4.36	-0.0340209
4.34	-0.0344771
4.32	-0.0349388
4.3	-0.035406
4.28	-0.0358789
4.26	-0.0363574
4.24	-0.0368417
4.22	-0.0373317
4.2	-0.0378277
4.18	-0.0383295
4.16	-0.0388374
4.14	-0.0393512
4.12	-0.0398712
4.1	-0.0403974
4.08	-0.0409298
4.06	-0.0414685
4.04	-0.0420136
4.02	-0.0425651
4	-0.0431231
3.98	-0.0436877
3.96	-0.044259
3.94	-0.0448369
3.92	-0.0454216
3.9	-0.0460132
3.88	-0.0466117
3.86	-0.0472172
3.84	-0.0478298
3.82	-0.0484495
3.8	-0.0490764
3.78	-0.0497106
3.76	-0.0503522
3.74	-0.0510012
3.72	-0.0516578
3.7	-0.0523219
3.68	-0.0529937
3.66	-0.0536733
3.64	-0.0543606
3.62	-0.0550559
3.6	-0.0557592
3.58	-0.0564706
3.56	-0.0571901
3.54	-0.0579179
3.52	-0.0586539
3.5	-0.0593984
3.48	-0.0601514
3.46	-0.060913
3.44	-0.0616832
3.42	-0.0624622
3.4	-0.06325
3.38	-0.0640468
3.36	-0.0648525
3.34	-0.0656674
3.32	-0.0664915
3.3	-0.0673249
3.28	-0.0681677
3.26	-0.06902
3.24	-0.0698818
3.22	-0.0707534
3.2	-0.0716347
3.18	-0.0725259
3.16	-0.073427
3.14	-0.0743382
3.12	-0.0752596
3.1	-0.0761913
3.08	-0.0771333
3.06	-0.0780859
3.04	-0.079049
3.02	-0.0800228
3	-0.0810073
2.98	-0.0820028
2.96	-0.0830093
2.94	-0.0840269
2.92	-0.0850558
2.9	-0.0860959
2.88	-0.0871476
2.86	-0.0882107
2.84	-0.0892856
2.82	-0.0903723
2.8	-0.0914708
2.78	-0.0925814
2.76	-0.0937041
2.74	-0.0948391
2.72	-0.0959865
2.7	-0.0971463
2.68	-0.0983188
2.66	-0.0995041
2.64	-0.100702
2.62	-0.101913
2.6	-0.103137
2.58	-0.104375
2.56	-0.105626
2.54	-0.10689
2.52	-0.108168
2.5	-0.10946
2.48	-0.110766
2.46	-0.112085
2.44	-0.113419
2.42	-0.114767
2.4	-0.11613
2.38	-0.117507
2.36	-0.118899
2.34	-0.120306
2.32	-0.121728
2.3	-0.123165
2.28	-0.124617
2.26	-0.126085
2.24	-0.127568
2.22	-0.129067
2.2	-0.130582
2.18	-0.132113
2.16	-0.13366
2.14	-0.135223
2.12	-0.136803
2.1	-0.1384
2.08	-0.140013
2.06	-0.141644
2.04	-0.143291
2.02	-0.144956
2	-0.146639
1.98	-0.148339
1.96	-0.150056
1.94	-0.151792
1.92	-0.153546
1.9	-0.155318
1.88	-0.157108
1.86	-0.158918
1.84	-0.160746
1.82	-0.162593
1.8	-0.164459
1.78	-0.166344
1.76	-0.168249
1.74	-0.170174
1.72	-0.172119
1.7	-0.174083
1.68	-0.176068
1.66	-0.178074
1.64	-0.180099
1.62	-0.182146
1.6	-0.184214
1.58	-0.186303
1.56	-0.188413
1.54	-0.190545
1.52	-0.192699
1.5	-0.194875
1.48	-0.197073
1.46	-0.199293
1.44	-0.201536
1.42	-0.203802
1.4	-0.206091
1.38	-0.208402
1.36	-0.210738
1.34	-0.213097
1.32	-0.21548
1.3	-0.217887
1.28	-0.220318
1.26	-0.222773
1.24	-0.225254
1.22	-0.227759
1.2	-0.23029
1.18	-0.232845
1.16	-0.235427
1.14	-0.238034
1.12	-0.240668
1.1	-0.243327
1.08	-0.246014
1.06	-0.248726
1.04	-0.251466
1.02	-0.254234
1	-0.257028
0.98	-0.259851
0.96	-0.262701
0.94	-0.26558
0.92	-0.268487
0.9	-0.271423
0.88	-0.274387
0.86	-0.277381
0.84	-0.280405
0.82	-0.283458
0.8	-0.286541
0.78	-0.289654
0.76	-0.292798
0.74	-0.295972
0.72	-0.299178
0.7	-0.302415
0.68	-0.305683
0.66	-0.308983
0.64	-0.312316
0.62	-0.31568
0.6	-0.319077
0.58	-0.322508
0.56	-0.325971
0.54	-0.329468
0.52	-0.332998
0.5	-0.336563
0.48	-0.340162
0.46	-0.343795
0.44	-0.347464
0.42	-0.351167
0.4	-0.354906
0.38	-0.358681
0.36	-0.362492
0.34	-0.366339
0.32	-0.370223
0.3	-0.374144
0.28	-0.378102
0.26	-0.382097
0.24	-0.386131
0.22	-0.390203
0.2	-0.394313
0.18	-0.398462
0.16	-0.40265
0.14	-0.406877
0.12	-0.411144
0.1	-0.415451
0.08	-0.419799
0.06	-0.424187
0.04	-0.428616
0.02	-0.433086
3.37778e-13	-0.437599
-0.02	-0.442153
-0.04	-0.446749
-0.06	-0.451388
-0.08	-0.45607
-0.1	-0.460795
-0.12	-0.465564
-0.14	-0.470377
-0.16	-0.475234
-0.18	-0.480136
-0.2	-0.485083
-0.22	-0.490074
-0.24	-0.495112
-0.26	-0.500196
-0.28	-0.505326
-0.3	-0.510502
-0.32	-0.515726
-0.34	-0.520997
-0.36	-0.526316
-0.38	-0.531682
-0.4	-0.537097
-0.42	-0.542561
-0.44	-0.548074
-0.46	-0.553637
-0.48	-0.559249
-0.5	-0.564912
-0.52	-0.570625
-0.54	-0.576389
-0.56	-0.582204
-0.58	-0.588071
-0.6	-0.593989
-0.62	-0.599961
-0.64	-0.605984
-0.66	-0.612061
-0.68	-0.618191
-0.7	-0.624375
-0.72	-0.630613
-0.74	-0.636906
-0.76	-0.643253
-0.78	-0.649656
-0.8	-0.656114
-0.82	-0.662628
-0.84	-0.669199
-0.86	-0.675826
-0.88	-0.68251
-0.9	-0.689252
-0.92	-0.696051
-0.94	-0.702909
-0.96	-0.709825
-0.98	-0.7168
-1	-0.723834
-1.02	-0.730927
-1.04	-0.738081
-1.06	-0.745295
-1.08	-0.752569
-1.1	-0.759905
-1.12	-0.767302
-1.14	-0.77476
-1.16	-0.782281
-1.18	-0.789864
-1.2	-0.79751
-1.22	-0.80522
-1.24	-0.812992
-1.26	-0.820829
-1.28	-0.82873
-1.3	-0.836695
-1.32	-0.844725
-1.34	-0.85282
-1.36	-0.860982
-1.38	-0.869208
-1.4	-0.877502
-1.42	-0.885862
-1.44	-0.894288
-1.46	-0.902782
-1.48	-0.911344
-1.5	-0.919973
-1.52	-0.928671
-1.54	-0.937437
-1.56	-0.946273
-1.58	-0.955177
-1.6	-0.964151
-1.62	-0.973194
-1.64	-0.982308
-1.66	-0.991492
-1.68	-1.00075
-1.7	-1.01007
-1.72	-1.01947
-1.74	-1.02894
-1.76	-1.03848
-1.78	-1.04809
-1.8	-1.05778
-1.82	-1.06753
-1.84	-1.07737
-1.86	-1.08727
-1.88	-1.09725
-1.9	-1.1073
-1.92	-1.11742
-1.94	-1.12762
-1.96	-1.13789
-1.98	-1.14824
-2	-1.15866
-2.02	-1.16916
-2.04	-1.17973
-2.06	-1.19038
-2.08	-1.20111
-2.1	-1.21191
-2.12	-1.22278
-2.14	-1.23373
-2.16	-1.24476
-2.18	-1.25586
-2.2	-1.26704
-2.22	-1.2783
-2.24	-1.28964
-2.26	-1.30105
-2.28	-1.31253
-2.3	-1.3241
-2.32	-1.33574
-2.34	-1.34746
-2.36	-1.35926
-2.38	-1.37113
-2.4	-1.38308
-2.42	-1.39511
-2.44	-1.40722
-2.46	-1.4194
-2.48	-1.43166
-2.5	-1.444
-2.52	-1.45642
-2.54	-1.46891
-2.56	-1.48148
-2.58	-1.49413
-2.6	-1.50686
-2.62	-1.51966
-2.64	-1.53254
-2.66	-1.5455
-2.68	-1.55853
-2.7	-1.57164
-2.72	-1.58483
-2.74	-1.59809
-2.76	-1.61143
-2.78	-1.62484
-2.8	-1.63833
-2.82	-1.6519
-2.84	-1.66554
-2.86	-1.67926
-2.88	-1.69305
-2.9	-1.70691
-2.92	-1.72085
-2.94	-1.73487
-2.96	-1.74895
-2.98	-1.76311
-3	-1.77735
-3.02	-1.79165
-3.04	-1.80603
-3.06	-1.82047
-3.08	-1.83499
-3.1	-1.84958
-3.12	-1.86424
-3.14	-1.87897
-3.16	-1.89377
-3.18	-1.90863
-3.2	-1.92356
-3.22	-1.93856
-3.24	-1.95363
-3.26	-1.96876
-3.28	-1.98396
-3.3	-1.99922
-3.32	-2.01455
-3.34	-2.02993
-3.36	-2.04538
-3.38	-2.06089
-3.4	-2.07647
-3.42	-2.0921
-3.44	-2.10779
-3.46	-2.12354
-3.48	-2.13934
-3.5	-2.1552
-3.52	-2.17112
-3.54	-2.18709
-3.56	-2.20311
-3.58	-2.21919
-3.6	-2.23531
-3.62	-2.25149
-3.64	-2.26771
-3.66	-2.28399
-3.68	-2.3003
-3.7	-2.31667
-3.72	-2.33307
-3.74	-2.34952
-3.76	-2.36602
-3.78	-2.38255
-3.8	-2.39912
-3.82	-2.41572
-3.84	-2.43237
-3.86	-2.44904
-3.88	-2.46575
-3.9	-2.48249
-3.92	-2.49926
-3.94	-2.51606
-3.96	-2.53289
-3.98	-2.54974
-4	-2.56661
-4.02	-2.58351
-4.04	-2.60042
-4.06	-2.61736
-4.08	-2.63431
-4.1	-2.65127
-4.12	-2.66825
-4.14	-2.68523
-4.16	-2.70223
-4.18	-2.71923
-4.2	-2.73624
-4.22	-2.75325
-4.24	-2.77027
-4.26	-2.78728
-4.28	-2.80429
-4.3	-2.82129
-4.32	-2.83828
-4.34	-2.85527
-4.36	-2.87224
-4.38	-2.8892
-4.4	-2.90614
-4.42	-2.92307
-4.44	-2.93997
-4.46	-2.95685
-4.48	-2.9737
-4.5	-2.99053
-4.52	-3.00732
-4.54	-3.02408
-4.56	-3.04081
-4.58	-3.0575
-4.6	-3.07414
-4.62	-3.09075
-4.64	-3.1073
-4.66	-3.12381
-4.68	-3.14027
-4.7	-3.15667
-4.72	-3.17302
-4.74	-3.1893
-4.76	-3.20553
-4.78	-3.22169
-4.8	-3.23778
-4.82	-3.2538
-4.84	-3.26974
-4.86	-3.28561
-4.88	-3.3014
-4.9	-3.31711
-4.92	-3.33274
-4.94	-3.34827
-4.96	-3.36372
-4.98	-3.37907
-5	-3.39432
-5.02	-3.40947
-5.04	-3.42452
-5.06	-3.43947
-5.08	-3.4543
-5.1	-3.46903
-5.12	-3.48363
-5.14	-3.49812
-5.16	-3.51249
-5.18	-3.52674
-5.2	-3.54085
-5.22	-3.55484
-5.24	-3.56869
-5.26	-3.58241
-5.28	-3.59599
-5.3	-3.60942
-5.32	-3.62271
-5.34	-3.63585
-5.36	-3.64883
-5.38	-3.66167
-5.4	-3.67434
-5.42	-3.68685
-5.44	-3.6992
-5.46	-3.71139
-5.48	-3.7234
-5.5	-3.73524
-5.52	-3.7469
-5.54	-3.75839
-5.56	-3.76969
-5.58	-3.78081
-5.6	-3.79174
-5.62	-3.80248
-5.64	-3.81303
-5.66	-3.82338
-5.68	-3.83354
-5.7	-3.84349
-5.72	-3.85324
-5.74	-3.86279
-5.76	-3.87212
-5.78	-3.88125
-5.8	-3.89016
-5.82	-3.89885
-5.84	-3.90732
-5.86	-3.91558
-5.88	-3.92361
-5.9	-3.93141
-5.92	-3.93899
-5.94	-3.94634
-5.96	-3.95346
-5.98	-3.96034
-6	-3.96698
-6.02	-3.97339
-6.04	-3.97956
-6.06	-3.98549
-6.08	-3.99118
-6.1	-3.99662
-6.12	-4.00181
-6.14	-4.00676
-6.16	-4.01146
-6.18	-4.01591
-6.2	-4.0201
-6.22	-4.02405
-6.24	-4.02774
-6.26	-4.03118
-6.28	-4.03436
-6.3	-4.03728
-6.32	-4.03995
-6.34	-4.04236
-6.36	-4.04452
-6.38	-4.04641
-6.4	-4.04805
-6.42	-4.04942
-6.44	-4.05054
-6.46	-4.0514
-6.48	-4.052
-6.5	-4.05234
-6.52	-4.05242
-6.54	-4.05224
-6.56	-4.05181
-6.58	-4.05111
-6.6	-4.05016
-6.62	-4.04896
-6.64	-4.0475
-6.66	-4.04578
-6.68	-4.04381
-6.7	-4.04159
-6.72	-4.03912
-6.74	-4.0364
-6.76	-4.03343
-6.78	-4.03021
-6.8	-4.02675
-6.82	-4.02305
-6.84	-4.01911
-6.86	-4.01492
-6.88	-4.0105
-6.9	-4.00584
-6.92	-4.00096
-6.94	-3.99584
-6.96	-3.99049
-6.98	-3.98492
-7	-3.97912
-7.02	-3.97311
-7.04	-3.96688
-7.06	-3.96043
-7.08	-3.95378
-7.1	-3.94691
-7.12	-3.93984
-7.14	-3.93257
-7.16	-3.9251
-7.18	-3.91744
-7.2	-3.90959
-7.22	-3.90154
-7.24	-3.89332
-7.26	-3.88491
-7.28	-3.87633
-7.3	-3.86758
-7.32	-3.85865
-7.34	-3.84957
-7.36	-3.84032
-7.38	-3.83091
-7.4	-3.82136
-7.42	-3.81165
-7.44	-3.80181
-7.46	-3.79182
-7.48	-3.7817
-7.5	-3.77144
-7.52	-3.76106
-7.54	-3.75056
-7.56	-3.73994
-7.58	-3.72921
-7.6	-3.71837
-7.62	-3.70742
-7.64	-3.69638
-7.66	-3.68524
-7.68	-3.67401
-7.7	-3.66269
-7.72	-3.6513
-7.74	-3.63982
-7.76	-3.62828
-7.78	-3.61666
-7.8	-3.60498
-7.82	-3.59325
-7.84	-3.58146
-7.86	-3.56961
-7.88	-3.55773
-7.9	-3.5458
-7.92	-3.53383
-7.94	-3.52183
-7.96	-3.5098
-7.98	-3.49775
-8	-3.48568
-8.02	-3.47359
-8.04	-3.46149
-8.06	-3.44938
-8.08	-3.43726
-8.1	-3.42514
-8.12	-3.41303
-8.14	-3.40093
-8.16	-3.38883
-8.18	-3.37675
-8.2	-3.36469
-8.22	-3.35264
-8.24	-3.34062
-8.26	-3.32863
-8.28	-3.31667
-8.3	-3.30474
-8.32	-3.29285
-8.34	-3.281
-8.36	-3.26918
-8.38	-3.25742
-8.4	-3.2457
-8.42	-3.23403
-8.44	-3.22242
-8.46	-3.21086
-8.48	-3.19935
-8.5	-3.18791
-8.52	-3.17652
-8.54	-3.1652
-8.56	-3.15395
-8.58	-3.14276
-8.6	-3.13164
-8.62	-3.12059
-8.64	-3.10962
-8.66	-3.09871
-8.68	-3.08788
-8.7	-3.07713
-8.72	-3.06645
-8.74	-3.05585
-8.76	-3.04533
-8.78	-3.03489
-8.8	-3.02453
-8.82	-3.01425
-8.84	-3.00405
-8.86	-2.99394
-8.88	-2.98391
-8.9	-2.97396
-8.92	-2.9641
-8.94	-2.95432
-8.96	-2.94462
-8.98	-2.93501
-9	-2.92549
-9.02	-2.91605
-9.04	-2.90669
-9.06	-2.89742
-9.08	-2.88823
-9.1	-2.87913
-9.12	-2.87011
-9.14	-2.86117
-9.16	-2.85232
-9.18	-2.84355
-9.2	-2.83486
-9.22	-2.82626
-9.24	-2.81773
-9.26	-2.80929
-9.28	-2.80093
-9.3	-2.79264
-9.32	-2.78444
-9.34	-2.77631
-9.36	-2.76826
-9.38	-2.76029
-9.4	-2.75239
-9.42	-2.74457
-9.44	-2.73683
-9.46	-2.72915
-9.48	-2.72155
-9.5	-2.71402
-9.52	-2.70657
-9.54	-2.69918
-9.56	-2.69186
-9.58	-2.68462
-9.6	-2.67744
-9.62	-2.67032
-9.64	-2.66327
-9.66	-2.65629
-9.68	-2.64937
-9.7	-2.64252
-9.72	-2.63572
-9.74	-2.62899
-9.76	-2.62232
-9.78	-2.61571
-9.8	-2.60916
-9.82	-2.60266
-9.84	-2.59623
-9.86	-2.58985
-9.88	-2.58352
-9.9	-2.57725
-9.92	-2.57103
-9.94	-2.56487
-9.96	-2.55876
-9.98	-2.5527
-10	-2.54669
-10.02	-2.54073
-10.04	-2.53482
-10.06	-2.52896
-10.08	-2.52315
-10.1	-2.51738
-10.12	-2.51166
-10.14	-2.50599
-10.16	-2.50036
-10.18	-2.49477
-10.2	-2.48923
-10.22	-2.48373
-10.24	-2.47828
-10.26	-2.47286
-10.28	-2.46749
-10.3	-2.46216
-10.32	-2.45686
-10.34	-2.45161
-10.36	-2.4464
-10.38	-2.44122
-10.4	-2.43608
-10.42	-2.43098
-10.44	-2.42592
-10.46	-2.42089
-10.48	-2.4159
-10.5	-2.41094
-10.52	-2.40602
-10.54	-2.40113
-10.56	-2.39627
-10.58	-2.39145
-10.6	-2.38666
-10.62	-2.38191
-10.64	-2.37718
-10.66	-2.37249
-10.68	-2.36783
-10.7	-2.3632
-10.72	-2.3586
-10.74	-2.35404
-10.76	-2.3495
-10.78	-2.34499
-10.8	-2.34051
-10.82	-2.33605
-10.84	-2.33163
-10.86	-2.32723
-10.88	-2.32287
-10.9	-2.31853
-10.92	-2.31421
-10.94	-2.30992
-10.96	-2.30566
-10.98	-2.30143
-11	-2.29722
-11.02	-2.29304
-11.04	-2.28888
-11.06	-2.28475
-11.08	-2.28064
-11.1	-2.27655
-11.12	-2.2725
-11.14	-2.26846
-11.16	-2.26445
-11.18	-2.26046
-11.2	-2.25649
-11.22	-2.25255
-11.24	-2.24863
-11.26	-2.24473
-11.28	-2.24086
-11.3	-2.237
-11.32	-2.23317
-11.34	-2.22936
-11.36	-2.22557
-11.38	-2.2218
-11.4	-2.21806
-11.42	-2.21433
-11.44	-2.21062
-11.46	-2.20694
-11.48	-2.20327
-11.5	-2.19963
-11.52	-2.196
-11.54	-2.19239
-11.56	-2.1888
-11.58	-2.18524
-11.6	-2.18169
-11.62	-2.17816
-11.64	-2.17464
-11.66	-2.17115
-11.68	-2.16767
-11.7	-2.16422
-11.72	-2.16078
-11.74	-2.15735
-11.76	-2.15395
-11.78	-2.15056
-11.8	-2.14719
-11.82	-2.14384
-11.84	-2.1405
-11.86	-2.13718
-11.88	-2.13388
-11.9	-2.1306
-11.92	-2.12733
-11.94	-2.12407
-11.96	-2.12083
-11.98	-2.11761
-12	-2.11441
-12.02	-2.11122
-12.04	-2.10804
-12.06	-2.10488
-12.08	-2.10174
-12.1	-2.09861
-12.12	-2.0955
-12.14	-2.0924
-12.16	-2.08931
-12.18	-2.08624
-12.2	-2.08319
-12.22	-2.08015
-12.24	-2.07712
-12.26	-2.07411
-12.28	-2.07111
-12.3	-2.06812
-12.32	-2.06515
-12.34	-2.0622
-12.36	-2.05925
-12.38	-2.05632
-12.4	-2.05341
-12.42	-2.0505
-12.44	-2.04761
-12.46	-2.04473
-12.48	-2.04187
-12.5	-2.03902
-12.52	-2.03618
-12.54	-2.03335
-12.56	-2.03054
-12.58	-2.02774
-12.6	-2.02495
-12.62	-2.02217
-12.64	-2.01941
-12.66	-2.01665
-12.68	-2.01391
-12.7	-2.01118
-12.72	-2.00847
-12.74	-2.00576
-12.76	-2.00307
-12.78	-2.00039
-12.8	-1.99772
-12.82	-1.99506
-12.84	-1.99241
-12.86	-1.98977
-12.88	-1.98715
-12.9	-1.98453
-12.92	-1.98193
-12.94	-1.97934
-12.96	-1.97675
-12.98	-1.97418
-13	-1.97162
-13.02	-1.96907
-13.04	-1.96653
-13.06	-1.964
-13.08	-1.96148
-13.1	-1.95897
-13.12	-1.95648
-13.14	-1.95399
-13.16	-1.95151
-13.18	-1.94904
-13.2	-1.94658
-13.22	-1.94413
-13.24	-1.94169
-13.26	-1.93926
-13.28	-1.93685
-13.3	-1.93444
-13.32	-1.93203
-13.34	-1.92964
-13.36	-1.92726
-13.38	-1.92489
-13.4	-1.92253
-13.42	-1.92017
-13.44	-1.91783
-13.46	-1.91549
-13.48	-1.91317
-13.5	-1.91085
-13.52	-1.90854
-13.54	-1.90624
-13.56	-1.90395
-13.58	-1.90166
-13.6	-1.89939
-13.62	-1.89713
-13.64	-1.89487
-13.66	-1.89262
-13.68	-1.89038
-13.7	-1.88815
-13.72	-1.88593
-13.74	-1.88371
-13.76	-1.8815
-13.78	-1.8793
-13.8	-1.87711
-13.82	-1.87493
-13.84	-1.87276
-13.86	-1.87059
-13.88	-1.86843
-13.9	-1.86628
-13.92	-1.86414
-13.94	-1.862
-13.96	-1.85988
-13.98	-1.85776
-14	-1.85564
-14.02	-1.85354
-14.04	-1.85144
-14.06	-1.84935
-14.08	-1.84727
-14.1	-1.8452
-14.12	-1.84313
-14.14	-1.84107
-14.16	-1.83902
-14.18	-1.83697
-14.2	-1.83493
-14.22	-1.8329
-14.24	-1.83088
-14.26	-1.82886
-14.28	-1.82685
-14.3	-1.82484
-14.32	-1.82285
-14.34	-1.82086
-14.36	-1.81888
-14.38	-1.8169
-14.4	-1.81493
-14.42	-1.81297
-14.44	-1.81101
-14.46	-1.80906
-14.48	-1.80712
-14.5	-1.80518
-14.52	-1.80325
-14.54	-1.80133
-14.56	-1.79942
-14.58	-1.79751
-14.6	-1.7956
-14.62	-1.7937
-14.64	-1.79181
-14.66	-1.78993
-14.68	-1.78805
-14.7	-1.78618
-14.72	-1.78431
-14.74	-1.78245
-14.76	-1.7806
-14.78	-1.77875
-14.8	-1.77691
-14.82	-1.77507
-14.84	-1.77324
-14.86	-1.77141
-14.88	-1.7696
-14.9	-1.76778
-14.92	-1.76598
-14.94	-1.76418
-14.96	-1.76238
-14.98	-1.76059
-15	-1.75881
-15.02	-1.75703
-15.04	-1.75526
-15.06	-1.75349
-15.08	-1.75173
-15.1	-1.74997
-15.12	-1.74822
-15.14	-1.74648
-15.16	-1.74474
-15.18	-1.743
-15.2	-1.74128
-15.22	-1.73955
-15.24	-1.73783
-15.26	-1.73612
-15.28	-1.73442
-15.3	-1.73271
-15.32	-1.73102
-15.34	-1.72932
-15.36	-1.72764
-15.38	-1.72596
-15.4	-1.72428
-15.42	-1.72261
-15.44	-1.72094
-15.46	-1.71928
-15.48	-1.71763
-15.5	-1.71598
-15.52	-1.71433
-15.54	-1.71269
-15.56	-1.71105
-15.58	-1.70942
-15.6	-1.70779
-15.62	-1.70617
-15.64	-1.70456
-15.66	-1.70294
-15.68	-1.70134
-15.7	-1.69973
-15.72	-1.69814
-15.74	-1.69654
-15.76	-1.69496
-15.78	-1.69337
-15.8	-1.69179
-15.82	-1.69022
-15.84	-1.68865
-15.86	-1.68708
-15.88	-1.68552
-15.9	-1.68396
-15.92	-1.68241
-15.94	-1.68087
-15.96	-1.67932
-15.98	-1.67778
-16	-1.67625
-16.02	-1.67472
-16.04	-1.67319
-16.06	-1.67167
-16.08	-1.67016
-16.1	-1.66864
-16.12	-1.66713
-16.14	-1.66563
-16.16	-1.66413
-16.18	-1.66264
-16.2	-1.66114
-16.22	-1.65966
-16.24	-1.65817
-16.26	-1.65669
-16.28	-1.65522
-16.3	-1.65375
-16.32	-1.65228
-16.34	-1.65082
-16.36	-1.64936
-16.38	-1.64791
-16.4	-1.64645
-16.42	-1.64501
-16.44	-1.64357
-16.46	-1.64213
-16.48	-1.64069
-16.5	-1.63926
-16.52	-1.63783
-16.54	-1.63641
-16.56	-1.63499
-16.58	-1.63357
-16.6	-1.63216
-16.62	-1.63075
-16.64	-1.62935
-16.66	-1.62795
-16.68	-1.62655
-16.7	-1.62516
-16.72	-1.62377
-16.74	-1.62239
-16.76	-1.621
-16.78	-1.61963
-16.8	-1.61825
-16.82	-1.61688
-16.84	-1.61551
-16.86	-1.61415
-16.88	-1.61279
-16.9	-1.61143
-16.92	-1.61008
-16.94	-1.60873
-16.96	-1.60738
-16.98	-1.60604
-17	-1.6047
-17.02	-1.60337
-17.04	-1.60203
-17.06	-1.6007
-17.08	-1.59938
-17.1	-1.59806
-17.12	-1.59674
-17.14	-1.59542
-17.16	-1.59411
-17.18	-1.5928
-17.2	-1.5915
-17.22	-1.5902
-17.24	-1.5889
-17.26	-1.5876
-17.28	-1.58631
-17.3	-1.58502
-17.32	-1.58374
-17.34	-1.58245
-17.36	-1.58117
-17.38	-1.5799
-17.4	-1.57863
-17.42	-1.57736
-17.44	-1.57609
-17.46	-1.57483
-17.48	-1.57357
-17.5	-1.57231
-17.52	-1.57106
-17.54	-1.56981
-17.56	-1.56856
-17.58	-1.56731
-17.6	-1.56607
-17.62	-1.56483
-17.64	-1.5636
-17.66	-1.56237
-17.68	-1.56114
-17.7	-1.55991
-17.72	-1.55869
-17.74	-1.55747
-17.76	-1.55625
-17.78	-1.55503
-17.8	-1.55382
-17.82	-1.55261
-17.84	-1.55141
-17.86	-1.5502
-17.88	-1.549
-17.9	-1.54781
-17.92	-1.54661
-17.94	-1.54542
-17.96	-1.54423
-17.98	-1.54305
-18	-1.54186
-18.02	-1.54068
-18.04	-1.53951
-18.06	-1.53833
-18.08	-1.53716
-18.1	-1.53599
-18.12	-1.53483
-18.14	-1.53366
-18.16	-1.5325
-18.18	-1.53134
-18.2	-1.53019
-18.22	-1.52903
-18.24	-1.52788
-18.26	-1.52674
-18.28	-1.52559
-18.3	-1.52445
-18.32	-1.52331
-18.34	-1.52217
-18.36	-1.52104
-18.38	-1.51991
-18.4	-1.51878
-18.42	-1.51765
-18.44	-1.51653
-18.46	-1.51541
-18.48	-1.51429
-18.5	-1.51317
-18.52	-1.51206
-18.54	-1.51095
-18.56	-1.50984
-18.58	-1.50873
-18.6	-1.50763
-18.62	-1.50653
-18.64	-1.50543
-18.66	-1.50433
-18.68	-1.50324
-18.7	-1.50215
-18.72	-1.50106
-18.74	-1.49997
-18.76	-1.49889
-18.78	-1.49781
-18.8	-1.49673
-18.82	-1.49565
-18.84	-1.49458
-18.86	-1.49351
-18.88	-1.49244
-18.9	-1.49137
-18.92	-1.49031
-18.94	-1.48924
-18.96	-1.48818
-18.98	-1.48713
-19	-1.48607
-19.02	-1.48502
-19.04	-1.48397
-19.06	-1.48292
-19.08	-1.48187
-19.1	-1.48083
-19.12	-1.47979
-19.14	-1.47875
-19.16	-1.47771
-19.18	-1.47667
-19.2	-1.47564
-19.22	-1.47461
-19.24	-1.47358
-19.26	-1.47256
-19.28	-1.47153
-19.3	-1.47051
-19.32	-1.46949
-19.34	-1.46847
-19.36	-1.46746
-19.38	-1.46644
-19.4	-1.46543
-19.42	-1.46442
-19.44	-1.46342
-19.46	-1.46241
-19.48	-1.46141
-19.5	-1.46041
-19.52	-1.45941
-19.54	-1.45842
-19.56	-1.45742
-19.58	-1.45643
-19.6	-1.45544
-19.62	-1.45445
-19.64	-1.45347
-19.66	-1.45248
-19.68	-1.4515
-19.7	-1.45052
-19.72	-1.44954
-19.74	-1.44857
-19.76	-1.4476
-19.78	-1.44662
-19.8	-1.44565
-19.82	-1.44469
-19.84	-1.44372
-19.86	-1.44276
-19.88	-1.4418
-19.9	-1.44084
-19.92	-1.43988
-19.94	-1.43892
-19.96	-1.43797
-19.98	-1.43702
-20	-1.43607
-19.98	-1.4351
-19.96	-1.43415
-19.94	-1.4332
-19.92	-1.43225
-19.9	-1.4313
-19.88	-1.43036
-19.86	-1.42942
-19.84	-1.42848
-19.82	-1.42754
-19.8	-1.42661
-19.78	-1.42568
-19.76	-1.42475
-19.74	-1.42382
-19.72	-1.42289
-19.7	-1.42197
-19.68	-1.42105
-19.66	-1.42013
-19.64	-1.41921
-19.62	-1.41829
-19.6	-1.41738
-19.58	-1.41646
-19.56	-1.41555
-19.54	-1.41464
-19.52	-1.41374
-19.5	-1.41283
-19.48	-1.41193
-19.46	-1.41102
-19.44	-1.41012
-19.42	-1.40922
-19.4	-1.40833
-19.38	-1.40743
-19.36	-1.40654
-19.34	-1.40565
-19.32	-1.40476
-19.3	-1.40387
-19.28	-1.40298
-19.26	-1.4021
-19.24	-1.40122
-19.22	-1.40034
-19.2	-1.39946
-19.18	-1.39858
-19.16	-1.3977
-19.14	-1.39683
-19.12	-1.39596
-19.1	-1.39508
-19.08	-1.39421
-19.06	-1.39335
-19.04	-1.39248
-19.02	-1.39162
-19	-1.39075
-18.98	-1.38989
-18.96	-1.38903
-18.94	-1.38818
-18.92	-1.38732
-18.9	-1.38646
-18.88	-1.38561
-18.86	-1.38476
-18.84	-1.38391
-18.82	-1.38306
-18.8	-1.38221
-18.78	-1.38137
-18.76	-1.38053
-18.74	-1.37968
-18.72	-1.37884
-18.7	-1.378
-18.68	-1.37717
-18.66	-1.37633
-18.64	-1.3755
-18.62	-1.37466
-18.6	-1.37383
-18.58	-1.373
-18.56	-1.37218
-18.54	-1.37135
-18.52	-1.37052
-18.5	-1.3697
-18.48	-1.36888
-18.46	-1.36806
-18.44	-1.36724
-18.42	-1.36642
-18.4	-1.3656
-18.38	-1.36479
-18.36	-1.36398
-18.34	-1.36316
-18.32	-1.36235
-18.3	-1.36155
-18.28	-1.36074
-18.26	-1.35993
-18.24	-1.35913
-18.22	-1.35832
-18.2	-1.35752
-18.18	-1.35672
-18.16	-1.35592
-18.14	-1.35513
-18.12	-1.35433
-18.1	-1.35354
-18.08	-1.35274
-18.06	-1.35195
-18.04	-1.35116
-18.02	-1.35037
-18	-1.34958
-17.98	-1.3488
-17.96	-1.34801
-17.94	-1.34723
-17.92	-1.34645
-17.9	-1.34567
-17.88	-1.34489
-17.86	-1.34411
-17.84	-1.34333
-17.82	-1.34256
-17.8	-1.34178
-17.78	-1.34101
-17.76	-1.34024
-17.74	-1.33947
-17.72	-1.3387
-17.7	-1.33793
-17.68	-1.33717
-17.66	-1.3364
-17.64	-1.33564
-17.62	-1.33488
-17.6	-1.33411
-17.58	-1.33336
-17.56	-1.3326
-17.54	-1.33184
-17.52	-1.33108
-17.5	-1.33033
-17.48	-1.32958
-17.46	-1.32882
-17.44	-1.32807
-17.42	-1.32732
-17.4	-1.32658
-17.38	-1.32583
-17.36	-1.32508
-17.34	-1.32434
-17.32	-1.3236
-17.3	-1.32285
-17.28	-1.32211
-17.26	-1.32137
-17.24	-1.32064
-17.22	-1.3199
-17.2	-1.31916
-17.18	-1.31843
-17.16	-1.31769
-17.14	-1.31696
-17.12	-1.31623
-17.1	-1.3155
-17.08	-1.31477
-17.06	-1.31405
-17.04	-1.31332
-17.02	-1.31259
-17	-1.31187
-16.98	-1.31115
-16.96	-1.31043
-16.94	-1.30971
-16.92	-1.30899
-16.9	-1.30827
-16.88	-1.30755
-16.86	-1.30684
-16.84	-1.30612
-16.82	-1.30541
-16.8	-1.3047
-16.78	-1.30398
-16.76	-1.30327
-16.74	-1.30257
-16.72	-1.30186
-16.7	-1.30115
-16.68	-1.30045
-16.66	-1.29974
-16.64	-1.29904
-16.62	-1.29834
-16.6	-1.29763
-16.58	-1.29693
-16.56	-1.29624
-16.54	-1.29554
-16.52	-1.29484
-16.5	-1.29415
-16.48	-1.29345
-16.46	-1.29276
-16.44	-1.29207
-16.42	-1.29137
-16.4	-1.29068
-16.38	-1.28999
-16.36	-1.28931
-16.34	-1.28862
-16.32	-1.28793
-16.3	-1.28725
-16.28	-1.28656
-16.26	-1.28588
-16.24	-1.2852
-16.22	-1.28452
-16.2	-1.28384
-16.18	-1.28316
-16.16	-1.28248
-16.14	-1.28181
-16.12	-1.28113
-16.1	-1.28046
-16.08	-1.27978
-16.06	-1.27911
-16.04	-1.27844
-16.02	-1.27777
-16	-1.2771
-15.98	-1.27643
-15.96	-1.27576
-15.94	-1.27509
-15.92	-1.27443
-15.9	-1.27376
-15.88	-1.2731
-15.86	-1.27244
-15.84	-1.27178
-15.82	-1.27112
-15.8	-1.27046
-15.78	-1.2698
-15.76	-1.26914
-15.74	-1.26848
-15.72	-1.26783
-15.7	-1.26717
-15.68	-1.26652
-15.66	-1.26586
-15.64	-1.26521
-15.62	-1.26456
-15.6	-1.26391
-15.58	-1.26326
-15.56	-1.26261
-15.54	-1.26197
-15.52	-1.26132
-15.5	-1.26067
-15.48	-1.26003
-15.46	-1.25938
-15.44	-1.25874
-15.42	-1.2581
-15.4	-1.25746
-15.38	-1.25682
-15.36	-1.25618
-15.34	-1.25554
-15.32	-1.2549
-15.3	-1.25427
-15.28	-1.25363
-15.26	-1.253
-15.24	-1.25236
-15.22	-1.25173
-15.2	-1.2511
-15.18	-1.25047
-15.16	-1.24984
-15.14	-1.24921
-15.12	-1.24858
-15.1	-1.24795
-15.08	-1.24732
-15.06	-1.2467
-15.04	-1.24607
-15.02	-1.24545
-15	-1.24482
-14.98	-1.2442
-14.96	-1.24358
-14.94	-1.24296
-14.92	-1.24234
-14.9	-1.24172
-14.88	-1.2411
-14.86	-1.24048
-14.84	-1.23986
-14.82	-1.23925
-14.8	-1.23863
-14.78	-1.23802
-14.76	-1.2374
-14.74	-1.23679
-14.72	-1.23618
-14.7	-1.23557
-14.68	-1.23496
-14.66	-1.23435
-14.64	-1.23374
-14.62	-1.23313
-14.6	-1.23252
-14.58	-1.23191
-14.56	-1.23131
-14.54	-1.2307
-14.52	-1.2301
-14.5	-1.22949
-14.48	-1.22889
-14.46	-1.22829
-14.44	-1.22769
-14.42	-1.22709
-14.4	-1.22649
-14.38	-1.22589
-14.36	-1.22529
-14.34	-1.22469
-14.32	-1.2241
-14.3	-1.2235
-14.28	-1.2229
-14.26	-1.22231
-14.24	-1.22172
-14.22	-1.22112
-14.2	-1.22053
-14.18	-1.21994
-14.16	-1.21935
-14.14	-1.21876
-14.12	-1.21817
-14.1	-1.21758
-14.08	-1.21699
-14.06	-1.2164
-14.04	-1.21581
-14.02	-1.21523
-14	-1.21464
-13.98	-1.21406
-13.96	-1.21347
-13.94	-1.21289
-13.92	-1.21231
-13.9	-1.21172
-13.88	-1.21114
-13.86	-1.21056
-13.84	-1.20998
-13.82	-1.2094
-13.8	-1.20882
-13.78	-1.20824
-13.76	-1.20767
-13.74	-1.20709
-13.72	-1.20651
-13.7	-1.20594
-13.68	-1.20536
-13.66	-1.20479
-13.64	-1.20421
-13.62	-1.20364
-13.6	-1.20307
-13.58	-1.2025
-13.56	-1.20193
-13.54	-1.20135
-13.52	-1.20078
-13.5	-1.20021
-13.48	-1.19965
-13.46	-1.19908
-13.44	-1.19851
-13.42	-1.19794
-13.4	-1.19738
-13.38	-1.19681
-13.36	-1.19624
-13.34	-1.19568
-13.32	-1.19512
-13.3	-1.19455
-13.28	-1.19399
-13.26	-1.19343
-13.24	-1.19286
-13.22	-1.1923
-13.2	-1.19174
-13.18	-1.19118
-13.16	-1.19062
-13.14	-1.19006
-13.12	-1.1895
-13.1	-1.18895
-13.08	-1.18839
-13.06	-1.18783
-13.04	-1.18727
-13.02	-1.18672
-13	-1.18616
-12.98	-1.18561
-12.96	-1.18505
-12.94	-1.1845
-12.92	-1.18394
-12.9	-1.18339
-12.88	-1.18284
-12.86	-1.18229
-12.84	-1.18174
-12.82	-1.18118
-12.8	-1.18063
-12.78	-1.18008
-12.76	-1.17953
-12.74	-1.17898
-12.72	-1.17844
-12.7	-1.17789
-12.68	-1.17734
-12.66	-1.17679
-12.64	-1.17625
-12.62	-1.1757
-12.6	-1.17515
-12.58	-1.17461
-12.56	-1.17406
-12.54	-1.17352
-12.52	-1.17297
-12.5	-1.17243
-12.48	-1.17189
-12.46	-1.17134
-12.44	-1.1708
-12.42	-1.17026
-12.4	-1.16972
-12.38	-1.16918
-12.36	-1.16863
-12.34	-1.16809
-12.32	-1.16755
-12.3	-1.16701
-12.28	-1.16647
-12.26	-1.16594
-12.24	-1.1654
-12.22	-1.16486
-12.2	-1.16432
-12.18	-1.16378
-12.16	-1.16325
-12.14	-1.16271
-12.12	-1.16217
-12.1	-1.16164
-12.08	-1.1611
-12.06	-1.16057
-12.04	-1.16003
-12.02	-1.1595
-12	-1.15896
-11.98	-1.15843
-11.96	-1.15789
-11.94	-1.15736
-11.92	-1.15683
-11.9	-1.15629
-11.88	-1.15576
-11.86	-1.15523
-11.84	-1.1547
-11.82	-1.15416
-11.8	-1.15363
-11.78	-1.1531
-11.76	-1.15257
-11.74	-1.15204
-11.72	-1.15151
-11.7	-1.15098
-11.68	-1.15045
-11.66	-1.14992
-11.64	-1.14939
-11.62	-1.14886
-11.6	-1.14833
-11.58	-1.1478
-11.56	-1.14728
-11.54	-1.14675
-11.52	-1.14622
-11.5	-1.14569
-11.48	-1.14516
-11.46	-1.14464
-11.44	-1.14411
-11.42	-1.14358
-11.4	-1.14306
-11.38	-1.14253
-11.36	-1.142
-11.34	-1.14148
-11.32	-1.14095
-11.3	-1.14042
-11.28	-1.1399
-11.26	-1.13937
-11.24	-1.13885
-11.22	-1.13832
-11.2	-1.1378
-11.18	-1.13727
-11.16	-1.13675
-11.14	-1.13622
-11.12	-1.1357
-11.1	-1.13517
-11.08	-1.13465
-11.06	-1.13412
-11.04	-1.1336
-11.02	-1.13308
-11	-1.13255
-10.98	-1.13203
-10.96	-1.1315
-10.94	-1.13098
-10.92	-1.13046
-10.9	-1.12993
-10.88	-1.12941
-10.86	-1.12889
-10.84	-1.12836
-10.82	-1.12784
-10.8	-1.12732
-10.78	-1.12679
-10.76	-1.12627
-10.74	-1.12575
-10.72	-1.12522
-10.7	-1.1247
-10.68	-1.12418
-10.66	-1.12365
-10.64	-1.12313
-10.62	-1.1226
-10.6	-1.12208
-10.58	-1.12156
-10.56	-1.12103
-10.54	-1.12051
-10.52	-1.11999
-10.5	-1.11946
-10.48	-1.11894
-10.46	-1.11842
-10.44	-1.11789
-10.42	-1.11737
-10.4	-1.11685
-10.38	-1.11632
-10.36	-1.1158
-10.34	-1.11527
-10.32	-1.11475
-10.3	-1.11422
-10.28	-1.1137
-10.26	-1.11317
-10.24	-1.11265
-10.22	-1.11213
-10.2	-1.1116
-10.18	-1.11107
-10.16	-1.11055
-10.14	-1.11002
-10.12	-1.1095
-10.1	-1.10897
-10.08	-1.10845
-10.06	-1.10792
-10.04	-1.10739
-10.02	-1.10687
-10	-1.10634
-9.98	-1.10581
-9.96	-1.10529
-9.94	-1.10476
-9.92	-1.10423
-9.9	-1.1037
-9.88	-1.10317
-9.86	-1.10265
-9.84	-1.10212
-9.82	-1.10159
-9.8	-1.10106
-9.78	-1.10053
-9.76	-1.1
-9.74	-1.09947
-9.72	-1.09894
-9.7	-1.09841
-9.68	-1.09788
-9.66	-1.09734
-9.64	-1.09681
-9.62	-1.09628
-9.6	-1.09575
-9.58	-1.09522
-9.56	-1.09468
-9.54	-1.09415
-9.52	-1.09361
-9.5	-1.09308
-9.48	-1.09255
-9.46	-1.09201
-9.44	-1.09147
-9.42	-1.09094
-9.4	-1.0904
-9.38	-1.08987
-9.36	-1.08933
-9.34	-1.08879
-9.32	-1.08825
-9.3	-1.08771
-9.28	-1.08717
-9.26	-1.08663
-9.24	-1.08609
-9.22	-1.08555
-9.2	-1.08501
-9.18	-1.08447
-9.16	-1.08393
-9.14	-1.08339
-9.12	-1.08284
-9.1	-1.0823
-9.08	-1.08176
-9.06	-1.08121
-9.04	-1.08067
-9.02	-1.08012
-9	-1.07957
-8.98	-1.07903
-8.96	-1.07848
-8.94	-1.07793
-8.92	-1.07738
-8.9	-1.07683
-8.88	-1.07628
-8.86	-1.07573
-8.84	-1.07518
-8.82	-1.07463
-8.8	-1.07407
-8.78	-1.07352
-8.76	-1.07297
-8.74	-1.07241
-8.72	-1.07185
-8.7	-1.0713
-8.68	-1.07074
-8.66	-1.07018
-8.64	-1.06962
-8.62	-1.06907
-8.6	-1.06851
-8.58	-1.06794
-8.56	-1.06738
-8.54	-1.06682
-8.52	-1.06626
-8.5	-1.06569
-8.48	-1.06513
-8.46	-1.06456
-8.44	-1.064
-8.42	-1.06343
-8.4	-1.06286
-8.38	-1.06229
-8.36	-1.06172
-8.34	-1.06115
-8.32	-1.06058
-8.3	-1.06
-8.28	-1.05943
-8.26	-1.05886
-8.24	-1.05828
-8.22	-1.0577
-8.2	-1.05713
-8.18	-1.05655
-8.16	-1.05597
-8.14	-1.05539
-8.12	-1.05481
-8.1	-1.05422
-8.08	-1.05364
-8.06	-1.05306
-8.04	-1.05247
-8.02	-1.05188
-8	-1.0513
-7.98	-1.05071
-7.96	-1.05012
-7.94	-1.04953
-7.92	-1.04893
-7.9	-1.04834
-7.88	-1.04775
-7.86	-1.04715
-7.84	-1.04655
-7.82	-1.04595
-7.8	-1.04536
-7.78	-1.04476
-7.76	-1.04415
-7.74	-1.04355
-7.72	-1.04295
-7.7	-1.04234
-7.68	-1.04173
-7.66	-1.04113
-7.64	-1.04052
-7.62	-1.03991
-7.6	-1.0393
-7.58	-1.03868
-7.56	-1.03807
-7.54	-1.03745
-7.52	-1.03684
-7.5	-1.03622
-7.48	-1.0356
-7.46	-1.03498
-7.44	-1.03435
-7.42	-1.03373
-7.4	-1.0331
-7.38	-1.03248
-7.36	-1.03185
-7.34	-1.03122
-7.32	-1.03059
-7.3	-1.02995
-7.28	-1.02932
-7.26	-1.02868
-7.24	-1.02805
-7.22	-1.02741
-7.2	-1.02677
-7.18	-1.02612
-7.16	-1.02548
-7.14	-1.02483
-7.12	-1.02419
-7.1	-1.02354
-7.08	-1.02289
-7.06	-1.02224
-7.04	-1.02158
-7.02	-1.02093
-7	-1.02027
-6.98	-1.01961
-6.96	-1.01895
-6.94	-1.01829
-6.92	-1.01762
-6.9	-1.01696
-6.88	-1.01629
-6.86	-1.01562
-6.84	-1.01495
-6.82	-1.01427
-6.8	-1.0136
-6.78	-1.01292
-6.76	-1.01224
-6.74	-1.01156
-6.72	-1.01088
-6.7	-1.01019
-6.68	-1.00951
-6.66	-1.00882
-6.64	-1.00813
-6.62	-1.00743
-6.6	-1.00674
-6.58	-1.00604
-6.56	-1.00534
-6.54	-1.00464
-6.52	-1.00394
-6.5	-1.00323
-6.48	-1.00252
-6.46	-1.00181
-6.44	-1.0011
-6.42	-1.00038
-6.4	-0.999668
-6.38	-0.998949
-6.36	-0.998228
-6.34	-0.997504
-6.32	-0.996778
-6.3	-0.99605
-6.28	-0.995319
-6.26	-0.994586
-6.24	-0.993851
-6.22	-0.993113
-6.2	-0.992373
-6.18	-0.99163
-6.16	-0.990885
-6.14	-0.990137
-6.12	-0.989387
-6.1	-0.988634
-6.08	-0.987878
-6.06	-0.98712
-6.04	-0.98636
-6.02	-0.985597
-6	-0.984831
-5.98	-0.984062
-5.96	-0.983291
-5.94	-0.982517
-5.92	-0.98174
-5.9	-0.98096
-5.88	-0.980178
-5.86	-0.979393
-5.84	-0.978605
-5.82	-0.977814
-5.8	-0.97702
-5.78	-0.976223
-5.76	-0.975423
-5.74	-0.97462
-5.72	-0.973815
-5.7	-0.973006
-5.68	-0.972194
-5.66	-0.971379
-5.64	-0.970561
-5.62	-0.96974
-5.6	-0.968916
-5.58	-0.968088
-5.56	-0.967257
-5.54	-0.966423
-5.52	-0.965586
-5.5	-0.964746
-5.48	-0.963902
-5.46	-0.963054
-5.44	-0.962204
-5.42	-0.96135
-5.4	-0.960492
-5.38	-0.959631
-5.36	-0.958766
-5.34	-0.957898
-5.32	-0.957027
-5.3	-0.956151
-5.28	-0.955273
-5.26	-0.95439
-5.24	-0.953504
-5.22	-0.952614
-5.2	-0.95172
-5.18	-0.950822
-5.16	-0.949921
-5.14	-0.949016
-5.12	-0.948106
-5.1	-0.947193
-5.08	-0.946276
-5.06	-0.945355
-5.04	-0.94443
-5.02	-0.9435
-5	-0.942567
-4.98	-0.94163
-4.96	-0.940688
-4.94	-0.939742
-4.92	-0.938792
-4.9	-0.937837
-4.88	-0.936878
-4.86	-0.935915
-4.84	-0.934947
-4.82	-0.933975
-4.8	-0.932998
-4.78	-0.932017
-4.76	-0.931032
-4.74	-0.930041
-4.72	-0.929046
-4.7	-0.928046
-4.68	-0.927042
-4.66	-0.926033
-4.64	-0.925018
-4.62	-0.923999
-4.6	-0.922975
-4.58	-0.921947
-4.56	-0.920913
-4.54	-0.919874
-4.52	-0.91883
-4.5	-0.91778
-4.48	-0.916726
-4.46	-0.915666
-4.44	-0.914601
-4.42	-0.913531
-4.4	-0.912455
-4.38	-0.911374
-4.36	-0.910287
-4.34	-0.909195
-4.32	-0.908097
-4.3	-0.906994
-4.28	-0.905885
-4.26	-0.90477
-4.24	-0.903649
-4.22	-0.902523
-4.2	-0.90139
-4.18	-0.900252
-4.16	-0.899108
-4.14	-0.897957
-4.12	-0.896801
-4.1	-0.895638
-4.08	-0.894469
-4.06	-0.893294
-4.04	-0.892112
-4.02	-0.890924
-4	-0.889729
-3.98	-0.888528
-3.96	-0.887321
-3.94	-0.886106
-3.92	-0.884885
-3.9	-0.883657
-3.88	-0.882423
-3.86	-0.881181
-3.84	-0.879933
-3.82	-0.878677
-3.8	-0.877415
-3.78	-0.876145
-3.76	-0.874868
-3.74	-0.873583
-3.72	-0.872292
-3.7	-0.870992
-3.68	-0.869686
-3.66	-0.868372
-3.64	-0.86705
-3.62	-0.86572
-3.6	-0.864383
-3.58	-0.863037
-3.56	-0.861684
-3.54	-0.860323
-3.52	-0.858954
-3.5	-0.857576
-3.48	-0.856191
-3.46	-0.854797
-3.44	-0.853394
-3.42	-0.851983
-3.4	-0.850564
-3.38	-0.849136
-3.36	-0.847699
-3.34	-0.846254
-3.32	-0.844799
-3.3	-0.843336
-3.28	-0.841863
-3.26	-0.840382
-3.24	-0.838891
-3.22	-0.837391
-3.2	-0.835882
-3.18	-0.834363
-3.16	-0.832834
-3.14	-0.831296
-3.12	-0.829748
-3.1	-0.828191
-3.08	-0.826623
-3.06	-0.825045
-3.04	-0.823458
-3.02	-0.82186
-3	-0.820251
-2.98	-0.818633
-2.96	-0.817003
-2.94	-0.815364
-2.92	-0.813713
-2.9	-0.812052
-2.88	-0.81038
-2.86	-0.808697
-2.84	-0.807002
-2.82	-0.805297
-2.8	-0.80358
-2.78	-0.801852
-2.76	-0.800112
-2.74	-0.79836
-2.72	-0.796597
-2.7	-0.794822
-2.68	-0.793035
-2.66	-0.791236
-2.64	-0.789425
-2.62	-0.787601
-2.6	-0.785765
-2.58	-0.783917
-2.56	-0.782056
-2.54	-0.780182
-2.52	-0.778295
-2.5	-0.776395
-2.48	-0.774482
-2.46	-0.772556
-2.44	-0.770616
-2.42	-0.768663
-2.4	-0.766696
-2.38	-0.764716
-2.36	-0.762721
-2.34	-0.760713
-2.32	-0.75869
-2.3	-0.756653
-2.28	-0.754602
-2.26	-0.752536
-2.24	-0.750456
-2.22	-0.74836
-2.2	-0.74625
-2.18	-0.744125
-2.16	-0.741984
-2.14	-0.739828
-2.12	-0.737656
-2.1	-0.735469
-2.08	-0.733266
-2.06	-0.731047
-2.04	-0.728812
-2.02	-0.726561
-2	-0.724293
-1.98	-0.722009
-1.96	-0.719708
-1.94	-0.71739
-1.92	-0.715055
-1.9	-0.712703
-1.88	-0.710333
-1.86	-0.707947
-1.84	-0.705542
-1.82	-0.70312
-1.8	-0.700679
-1.78	-0.698221
-1.76	-0.695744
-1.74	-0.693249
-1.72	-0.690735
-1.7	-0.688202
-1.68	-0.685651
-1.66	-0.68308
-1.64	-0.68049
-1.62	-0.67788
-1.6	-0.675251
-1.58	-0.672601
-1.56	-0.669932
-1.54	-0.667243
-1.52	-0.664533
-1.5	-0.661802
-1.48	-0.659051
-1.46	-0.656279
-1.44	-0.653485
-1.42	-0.650671
-1.4	-0.647834
-1.38	-0.644976
-1.36	-0.642096
-1.34	-0.639194
-1.32	-0.63627
-1.3	-0.633323
-1.28	-0.630354
-1.26	-0.627361
-1.24	-0.624346
-1.22	-0.621307
-1.2	-0.618244
-1.18	-0.615158
-1.16	-0.612048
-1.14	-0.608913
-1.12	-0.605755
-1.1	-0.602571
-1.08	-0.599363
-1.06	-0.59613
-1.04	-0.592872
-1.02	-0.589588
-1	-0.586278
-0.98	-0.582943
-0.96	-0.579581
-0.94	-0.576193
-0.92	-0.572779
-0.9	-0.569338
-0.88	-0.565869
-0.86	-0.562373
-0.84	-0.55885
-0.82	-0.555299
-0.8	-0.55172
-0.78	-0.548113
-0.76	-0.544477
-0.74	-0.540813
-0.72	-0.53712
-0.7	-0.533397
-0.68	-0.529645
-0.66	-0.525863
-0.64	-0.522051
-0.62	-0.51821
-0.6	-0.514337
-0.58	-0.510434
-0.56	-0.5065
-0.54	-0.502535
-0.52	-0.498538
-0.5	-0.494509
-0.48	-0.490448
-0.46	-0.486355
-0.44	-0.48223
-0.42	-0.478072
-0.4	-0.47388
-0.38	-0.469655
-0.36	-0.465397
-0.34	-0.461105
-0.32	-0.456778
-0.3	-0.452417
-0.28	-0.448021
-0.26	-0.443591
-0.24	-0.439125
-0.22	-0.434623
-0.2	-0.430085
-0.18	-0.425511
-0.16	-0.420901
-0.14	-0.416254
-0.12	-0.41157
-0.1	-0.406849
-0.08	-0.40209
-0.06	-0.397293
-0.04	-0.392458
-0.02	-0.387585
3.37681e-13	-0.382672
0.02	-0.377721
0.04	-0.37273
0.06	-0.367699
0.08	-0.362629
0.1	-0.357518
0.12	-0.352366
0.14	-0.347173
0.16	-0.34194
0.18	-0.336664
0.2	-0.331347
0.22	-0.325987
0.24	-0.320586
0.26	-0.315141
0.28	-0.309653
0.3	-0.304122
0.32	-0.298546
0.34	-0.292927
0.36	-0.287264
0.38	-0.281555
0.4	-0.275802
0.42	-0.270003
0.44	-0.264159
0.46	-0.258268
0.48	-0.252332
0.5	-0.246348
0.52	-0.240318
0.54	-0.23424
0.56	-0.228114
0.58	-0.221941
0.6	-0.215719
0.62	-0.209449
0.64	-0.203129
0.66	-0.196761
0.68	-0.190343
0.7	-0.183874
0.72	-0.177356
0.74	-0.170787
0.76	-0.164167
0.78	-0.157495
0.8	-0.150772
0.82	-0.143997
0.84	-0.13717
0.86	-0.13029
0.88	-0.123358
0.9	-0.116372
0.92	-0.109332
0.94	-0.102238
0.96	-0.0950906
0.98	-0.0878882
1	-0.0806309
1.02	-0.0733184
1.04	-0.0659503
1.06	-0.0585262
1.08	-0.051046
1.1	-0.0435092
1.12	-0.0359155
1.14	-0.0282647
1.16	-0.0205563
1.18	-0.0127901
1.2	-0.00496574
1.22	0.00291709
1.24	0.0108587
1.26	0.0188594
1.28	0.0269196
1.3	0.0350394
1.32	0.0432193
1.34	0.0514595
1.36	0.0597604
1.38	0.0681222
1.4	0.0765453
1.42	0.0850299
1.44	0.0935764
1.46	0.102185
1.48	0.110856
1.5	0.11959
1.52	0.128386
1.54	0.137246
1.56	0.14617
1.58	0.155157
1.6	0.164209
1.62	0.173325
1.64	0.182505
1.66	0.191751
1.68	0.201061
1.7	0.210437
1.72	0.219879
1.74	0.229386
1.76	0.23896
1.78	0.2486
1.8	0.258307
1.82	0.26808
1.84	0.277921
1.86	0.287828
1.88	0.297804
1.9	0.307847
1.92	0.317957
1.94	0.328136
1.96	0.338383
1.98	0.348699
2	0.359083
2.02	0.369536
2.04	0.380058
2.06	0.390649
2.08	0.401309
2.1	0.412039
2.12	0.422838
2.14	0.433707
2.16	0.444645
2.18	0.455654
2.2	0.466732
2.22	0.477881
2.24	0.489099
2.26	0.500388
2.28	0.511747
2.3	0.523177
2.32	0.534677
2.34	0.546247
2.36	0.557888
2.38	0.569599
2.4	0.581381
2.42	0.593233
2.44	0.605156
2.46	0.617149
2.48	0.629213
2.5	0.641347
2.52	0.653551
2.54	0.665826
2.56	0.678171
2.58	0.690585
2.6	0.70307
2.62	0.715625
2.64	0.728249
2.66	0.740943
2.68	0.753706
2.7	0.766539
2.72	0.779441
2.74	0.792411
2.76	0.80545
2.78	0.818558
2.8	0.831733
2.82	0.844977
2.84	0.858288
2.86	0.871667
2.88	0.885112
2.9	0.898625
2.92	0.912203
2.94	0.925848
2.96	0.939558
2.98	0.953334
3	0.967174
3.02	0.981079
3.04	0.995048
3.06	1.00908
3.08	1.02318
3.1	1.03733
3.12	1.05155
3.14	1.06583
3.16	1.08018
3.18	1.09458
3.2	1.10904
3.22	1.12356
3.24	1.13814
3.26	1.15278
3.28	1.16747
3.3	1.18222
3.32	1.19703
3.34	1.21189
3.36	1.22681
3.38	1.24178
3.4	1.2568
3.42	1.27187
3.44	1.28699
3.46	1.30217
3.48	1.31739
3.5	1.33266
3.52	1.34798
3.54	1.36334
3.56	1.37875
3.58	1.3942
3.6	1.4097
3.62	1.42524
3.64	1.44082
3.66	1.45644
3.68	1.47209
3.7	1.48779
3.72	1.50352
3.74	1.51928
3.76	1.53508
3.78	1.55091
3.8	1.56677
3.82	1.58266
3.84	1.59858
3.86	1.61453
3.88	1.6305
3.9	1.64649
3.92	1.66251
3.94	1.67855
3.96	1.69461
3.98	1.71068
4	1.72677
4.02	1.74288
4.04	1.759
4.06	1.77513
4.08	1.79127
4.1	1.80741
4.12	1.82356
4.14	1.83972
4.16	1.85588
4.18	1.87204
4.2	1.88819
4.22	1.90435
4.24	1.92049
4.26	1.93663
4.28	1.95276
4.3	1.96888
4.32	1.98499
4.34	2.00108
4.36	2.01715
4.38	2.0332
4.4	2.04923
4.42	2.06524
4.44	2.08122
4.46	2.09717
4.48	2.11308
4.5	2.12897
4.52	2.14482
4.54	2.16063
4.56	2.1764
4.58	2.19213
4.6	2.20781
4.62	2.22345
4.64	2.23903
4.66	2.25456
4.68	2.27004
4.7	2.28545
4.72	2.30081
4.74	2.3161
4.76	2.33133
4.78	2.34649
4.8	2.36158
4.82	2.3766
4.84	2.39153
4.86	2.40639
4.88	2.42117
4.9	2.43586
4.92	2.45047
4.94	2.46498
4.96	2.47941
4.98	2.49373
5	2.50796
5.02	2.52209
5.04	2.53611
5.06	2.55003
5.08	2.56383
5.1	2.57753
5.12	2.5911
5.14	2.60456
5.16	2.6179
5.18	2.63112
5.2	2.6442
5.22	2.65716
5.24	2.66998
5.26	2.68267
5.28	2.69522
5.3	2.70763
5.32	2.7199
5.34	2.73202
5.36	2.74399
5.38	2.7558
5.4	2.76746
5.42	2.77897
5.44	2.79031
5.46	2.80148
5.48	2.8125
5.5	2.82334
5.52	2.83401
5.54	2.8445
5.56	2.85482
5.58	2.86496
5.6	2.87492
5.62	2.88469
5.64	2.89427
5.66	2.90367
5.68	2.91287
5.7	2.92187
5.72	2.93068
5.74	2.93929
5.76	2.9477
5.78	2.9559
5.8	2.9639
5.82	2.97168
5.84	2.97926
5.86	2.98662
5.88	2.99377
5.9	3.0007
5.92	3.00742
5.94	3.01391
5.96	3.02017
5.98	3.02622
6	3.03204
6.02	3.03763
6.04	3.04299
6.06	3.04812
6.08	3.05301
6.1	3.05768
6.12	3.0621
6.14	3.0663
6.16	3.07025
6.18	3.07397
6.2	3.07744
6.22	3.08068
6.24	3.08367
6.26	3.08642
6.28	3.08893
6.3	3.0912
6.32	3.09322
6.34	3.095
6.36	3.09653
6.38	3.09782
6.4	3.09886
6.42	3.09966
6.44	3.10021
6.46	3.10051
6.48	3.10057
6.5	3.10039
6.52	3.09996
6.54	3.09929
6.56	3.09838
6.58	3.09722
6.6	3.09582
6.62	3.09418
6.64	3.0923
6.66	3.09018
6.68	3.08782
6.7	3.08523
6.72	3.0824
6.74	3.07933
6.76	3.07604
6.78	3.07251
6.8	3.06875
6.82	3.06477
6.84	3.06056
6.86	3.05613
6.88	3.05148
6.9	3.04661
6.92	3.04152
6.94	3.03622
6.96	3.03071
6.98	3.02498
7	3.01905
7.02	3.01292
7.04	3.00659
7.06	3.00005
7.08	2.99333
7.1	2.98641
7.12	2.9793
7.14	2.972
7.16	2.96453
7.18	2.95687
7.2	2.94904
7.22	2.94104
7.24	2.93286
7.26	2.92453
7.28	2.91603
7.3	2.90737
7.32	2.89857
7.34	2.88961
7.36	2.8805
7.38	2.87126
7.4	2.86187
7.42	2.85235
7.44	2.84271
7.46	2.83293
7.48	2.82304
7.5	2.81303
7.52	2.8029
7.54	2.79267
7.56	2.78233
7.58	2.77189
7.6	2.76135
7.62	2.75073
7.64	2.74001
7.66	2.72921
7.68	2.71834
7.7	2.70739
7.72	2.69637
7.74	2.68528
7.76	2.67413
7.78	2.66292
7.8	2.65166
7.82	2.64035
7.84	2.629
7.86	2.61761
7.88	2.60618
7.9	2.59471
7.92	2.58322
7.94	2.5717
7.96	2.56017
7.98	2.54861
8	2.53705
8.02	2.52547
8.04	2.51389
8.06	2.50231
8.08	2.49073
8.1	2.47916
8.12	2.46759
8.14	2.45604
8.16	2.4445
8.18	2.43298
8.2	2.42149
8.22	2.41002
8.24	2.39858
8.26	2.38717
8.28	2.3758
8.3	2.36446
8.32	2.35316
8.34	2.34191
8.36	2.3307
8.38	2.31954
8.4	2.30843
8.42	2.29737
8.44	2.28637
8.46	2.27542
8.48	2.26453
8.5	2.2537
8.52	2.24294
8.54	2.23224
8.56	2.22161
8.58	2.21104
8.6	2.20054
8.62	2.19012
8.64	2.17976
8.66	2.16948
8.68	2.15928
8.7	2.14915
8.72	2.13909
8.74	2.12911
8.76	2.11922
8.78	2.1094
8.8	2.09966
8.82	2.09
8.84	2.08042
8.86	2.07092
8.88	2.0615
8.9	2.05217
8.92	2.04292
8.94	2.03375
8.96	2.02466
8.98	2.01566
9	2.00674
9.02	1.9979
9.04	1.98914
9.06	1.98047
9.08	1.97187
9.1	1.96336
9.12	1.95493
9.14	1.94658
9.16	1.93832
9.18	1.93013
9.2	1.92202
9.22	1.91399
9.24	1.90604
9.26	1.89817
9.28	1.89038
9.3	1.88266
9.32	1.87502
9.34	1.86745
9.36	1.85996
9.38	1.85254
9.4	1.84519
9.42	1.83792
9.44	1.83072
9.46	1.82359
9.48	1.81653
9.5	1.80954
9.52	1.80261
9.54	1.79576
9.56	1.78897
9.58	1.78225
9.6	1.77559
9.62	1.76899
9.64	1.76246
9.66	1.75599
9.68	1.74958
9.7	1.74323
9.72	1.73694
9.74	1.73071
9.76	1.72454
9.78	1.71842
9.8	1.71236
9.82	1.70636
9.84	1.70041
9.86	1.69451
9.88	1.68867
9.9	1.68288
9.92	1.67714
9.94	1.67145
9.96	1.66581
9.98	1.66022
10	1.65468
10.02	1.64918
10.04	1.64374
10.06	1.63833
10.08	1.63298
10.1	1.62766
10.12	1.6224
10.14	1.61717
10.16	1.61199
10.18	1.60685
10.2	1.60175
10.22	1.59669
10.24	1.59167
10.26	1.58669
10.28	1.58175
10.3	1.57685
10.32	1.57199
10.34	1.56716
10.36	1.56237
10.38	1.55762
10.4	1.5529
10.42	1.54822
10.44	1.54357
10.46	1.53896
10.48	1.53438
10.5	1.52984
10.52	1.52532
10.54	1.52084
10.56	1.51639
10.58	1.51198
10.6	1.50759
10.62	1.50323
10.64	1.49891
10.66	1.49461
10.68	1.49035
10.7	1.48611
10.72	1.4819
10.74	1.47773
10.76	1.47357
10.78	1.46945
10.8	1.46535
10.82	1.46129
10.84	1.45724
10.86	1.45323
10.88	1.44924
10.9	1.44527
10.92	1.44134
10.94	1.43742
10.96	1.43354
10.98	1.42967
11	1.42583
11.02	1.42202
11.04	1.41823
11.06	1.41446
11.08	1.41071
11.1	1.40699
11.12	1.40329
11.14	1.39962
11.16	1.39596
11.18	1.39233
11.2	1.38872
11.22	1.38513
11.24	1.38156
11.26	1.37802
11.28	1.37449
11.3	1.37099
11.32	1.3675
11.34	1.36404
11.36	1.3606
11.38	1.35717
11.4	1.35377
11.42	1.35038
11.44	1.34702
11.46	1.34367
11.48	1.34034
11.5	1.33703
11.52	1.33374
11.54	1.33047
11.56	1.32721
11.58	1.32398
11.6	1.32076
11.62	1.31756
11.64	1.31437
11.66	1.31121
11.68	1.30806
11.7	1.30493
11.72	1.30181
11.74	1.29871
11.76	1.29563
11.78	1.29256
11.8	1.28951
11.82	1.28648
11.84	1.28346
11.86	1.28046
11.88	1.27748
11.9	1.2745
11.92	1.27155
11.94	1.26861
11.96	1.26568
11.98	1.26277
12	1.25988
12.02	1.257
12.04	1.25413
12.06	1.25128
12.08	1.24844
12.1	1.24562
12.12	1.24281
12.14	1.24001
12.16	1.23723
12.18	1.23446
12.2	1.23171
12.22	1.22897
12.24	1.22624
12.26	1.22353
12.28	1.22083
12.3	1.21814
12.32	1.21547
12.34	1.2128
12.36	1.21015
12.38	1.20752
12.4	1.20489
12.42	1.20228
12.44	1.19968
12.46	1.19709
12.48	1.19452
12.5	1.19196
12.52	1.18941
12.54	1.18687
12.56	1.18434
12.58	1.18182
12.6	1.17932
12.62	1.17683
12.64	1.17434
12.66	1.17187
12.68	1.16942
12.7	1.16697
12.72	1.16453
12.74	1.16211
12.76	1.15969
12.78	1.15729
12.8	1.15489
12.82	1.15251
12.84	1.15014
12.86	1.14778
12.88	1.14543
12.9	1.14309
12.92	1.14075
12.94	1.13843
12.96	1.13612
12.98	1.13382
13	1.13153
13.02	1.12925
13.04	1.12698
13.06	1.12472
13.08	1.12247
13.1	1.12023
13.12	1.118
13.14	1.11577
13.16	1.11356
13.18	1.11136
13.2	1.10916
13.22	1.10698
13.24	1.1048
13.26	1.10263
13.28	1.10048
13.3	1.09833
13.32	1.09619
13.34	1.09406
13.36	1.09193
13.38	1.08982
13.4	1.08771
13.42	1.08562
13.44	1.08353
13.46	1.08145
13.48	1.07938
13.5	1.07731
13.52	1.07526
13.54	1.07321
13.56	1.07118
13.58	1.06915
13.6	1.06712
13.62	1.06511
13.64	1.0631
13.66	1.06111
13.68	1.05912
13.7	1.05713
13.72	1.05516
13.74	1.05319
13.76	1.05123
13.78	1.04928
13.8	1.04734
13.82	1.0454
13.84	1.04347
13.86	1.04155
13.88	1.03964
13.9	1.03773
13.92	1.03583
13.94	1.03394
13.96	1.03206
13.98	1.03018
14	1.02831
14.02	1.02644
14.04	1.02459
14.06	1.02274
14.08	1.0209
14.1	1.01906
14.12	1.01723
14.14	1.01541
14.16	1.01359
14.18	1.01179
14.2	1.00998
14.22	1.00819
14.24	1.0064
14.26	1.00462
14.28	1.00284
14.3	1.00107
14.32	0.999312
14.34	0.997556
14.36	0.995807
14.38	0.994063
14.4	0.992326
14.42	0.990596
14.44	0.988871
14.46	0.987153
14.48	0.985441
14.5	0.983735
14.52	0.982035
14.54	0.980341
14.56	0.978653
14.58	0.976971
14.6	0.975295
14.62	0.973625
14.64	0.971961
14.66	0.970303
14.68	0.96865
14.7	0.967003
14.72	0.965362
14.74	0.963727
14.76	0.962097
14.78	0.960473
14.8	0.958855
14.82	0.957242
14.84	0.955635
14.86	0.954033
14.88	0.952437
14.9	0.950846
14.92	0.949261
14.94	0.947681
14.96	0.946106
14.98	0.944537
15	0.942973
15.02	0.941415
15.04	0.939861
15.06	0.938313
15.08	0.93677
15.1	0.935232
15.12	0.9337
15.14	0.932172
15.16	0.93065
15.18	0.929132
15.2	0.92762
15.22	0.926112
15.24	0.92461
15.26	0.923113
15.28	0.92162
15.3	0.920132
15.32	0.91865
15.34	0.917172
15.36	0.915699
15.38	0.91423
15.4	0.912767
15.42	0.911308
15.44	0.909854
15.46	0.908404
15.48	0.90696
15.5	0.90552
15.52	0.904084
15.54	0.902653
15.56	0.901227
15.58	0.899805
15.6	0.898388
15.62	0.896975
15.64	0.895567
15.66	0.894163
15.68	0.892764
15.7	0.891369
15.72	0.889978
15.74	0.888592
15.76	0.88721
15.78	0.885833
15.8	0.884459
15.82	0.88309
15.84	0.881726
15.86	0.880365
15.88	0.879009
15.9	0.877657
15.92	0.876309
15.94	0.874965
15.96	0.873626
15.98	0.87229
16	0.870959
16.02	0.869632
16.04	0.868308
16.06	0.866989
16.08	0.865674
16.1	0.864363
16.12	0.863055
16.14	0.861752
16.16	0.860453
16.18	0.859157
16.2	0.857866
16.22	0.856578
16.24	0.855294
16.26	0.854014
16.28	0.852738
16.3	0.851466
16.32	0.850197
16.34	0.848932
16.36	0.847671
16.38	0.846414
16.4	0.84516
16.42	0.84391
16.44	0.842664
16.46	0.841421
16.48	0.840183
16.5	0.838947
16.52	0.837715
16.54	0.836487
16.56	0.835263
16.58	0.834042
16.6	0.832824
16.62	0.83161
16.64	0.8304
16.66	0.829193
16.68	0.82799
16.7	0.82679
16.72	0.825593
16.74	0.8244
16.76	0.82321
16.78	0.822024
16.8	0.820841
16.82	0.819662
16.84	0.818486
16.86	0.817313
16.88	0.816143
16.9	0.814977
16.92	0.813814
16.94	0.812654
16.96	0.811498
16.98	0.810345
17	0.809195
17.02	0.808048
17.04	0.806905
17.06	0.805765
17.08	0.804628
17.1	0.803494
17.12	0.802363
17.14	0.801235
17.16	0.800111
17.18	0.798989
17.2	0.797871
17.22	0.796756
17.24	0.795643
17.26	0.794534
17.28	0.793428
17.3	0.792325
17.32	0.791225
17.34	0.790128
17.36	0.789034
17.38	0.787943
17.4	0.786855
17.42	0.785769
17.44	0.784687
17.46	0.783608
17.48	0.782531
17.5	0.781458
17.52	0.780387
17.54	0.779319
17.56	0.778254
17.58	0.777192
17.6	0.776133
17.62	0.775077
17.64	0.774023
17.66	0.772972
17.68	0.771924
17.7	0.770879
17.72	0.769837
17.74	0.768797
17.76	0.76776
17.78	0.766726
17.8	0.765694
17.82	0.764665
17.84	0.763639
17.86	0.762616
17.88	0.761595
17.9	0.760577
17.92	0.759562
17.94	0.758549
17.96	0.757539
17.98	0.756531
18	0.755526
18.02	0.754524
18.04	0.753524
18.06	0.752527
18.08	0.751532
18.1	0.75054
18.12	0.749551
18.14	0.748564
18.16	0.747579
18.18	0.746597
18.2	0.745618
18.22	0.744641
18.24	0.743667
18.26	0.742695
18.28	0.741725
18.3	0.740758
18.32	0.739794
18.34	0.738831
18.36	0.737872
18.38	0.736914
18.4	0.735959
18.42	0.735007
18.44	0.734057
18.46	0.733109
18.48	0.732164
18.5	0.731221
18.52	0.73028
18.54	0.729342
18.56	0.728406
18.58	0.727472
18.6	0.726541
18.62	0.725611
18.64	0.724685
18.66	0.72376
18.68	0.722838
18.7	0.721918
18.72	0.721
18.74	0.720085
18.76	0.719172
18.78	0.718261
18.8	0.717352
18.82	0.716446
18.84	0.715541
18.86	0.714639
18.88	0.713739
18.9	0.712842
18.92	0.711946
18.94	0.711053
18.96	0.710161
18.98	0.709272
19	0.708385
19.02	0.707501
19.04	0.706618
19.06	0.705737
19.08	0.704859
19.1	0.703983
19.12	0.703108
19.14	0.702236
19.16	0.701366
19.18	0.700498
19.2	0.699632
19.22	0.698768
19.24	0.697906
19.26	0.697046
19.28	0.696189
19.3	0.695333
19.32	0.694479
19.34	0.693627
19.36	0.692778
19.38	0.69193
19.4	0.691084
19.42	0.690241
19.44	0.689399
19.46	0.688559
19.48	0.687721
19.5	0.686885
19.52	0.686051
19.54	0.685219
19.56	0.684389
19.58	0.683561
19.6	0.682735
19.62	0.68191
19.64	0.681088
19.66	0.680267
19.68	0.679448
19.7	0.678632
19.72	0.677817
19.74	0.677004
19.76	0.676193
19.78	0.675383
19.8	0.674576
19.82	0.67377
19.84	0.672966
19.86	0.672164
19.88	0.671364
19.9	0.670566
19.92	0.669769
19.94	0.668975
19.96	0.668182
19.98	0.66739
20	0.666601
