0.7992 -1.48605e-07 
0.7984 -7.73076e-08 
0.7976 -6.02934e-08 
0.7968 -5.22193e-08 
0.796 -4.7469e-08 
0.7952 -4.43631e-08 
0.7944 -4.22135e-08 
0.7936 -4.06633e-08 
0.7928 -3.95448e-08 
0.792 -3.8726e-08 
0.7912 -3.81237e-08 
0.7904 -3.77101e-08 
0.7896 -3.74298e-08 
0.7888 -3.7266e-08 
0.788 -3.71952e-08 
0.7872 -3.72008e-08 
0.7864 -3.72813e-08 
0.7856 -3.74256e-08 
0.7848 -3.76199e-08 
0.784 -3.78669e-08 
0.7832 -3.8157e-08 
0.7824 -3.84776e-08 
0.7816 -3.88412e-08 
0.7808 -3.92367e-08 
0.78 -3.96724e-08 
0.7792 -4.01318e-08 
0.7784 -4.06244e-08 
0.7776 -4.11393e-08 
0.7768 -4.16819e-08 
0.776 -4.22551e-08 
0.7752 -4.28518e-08 
0.7744 -4.34722e-08 
0.7736 -4.41133e-08 
0.7728 -4.47822e-08 
0.772 -4.54706e-08 
0.7712 -4.61908e-08 
0.7704 -4.69277e-08 
0.7696 -4.76799e-08 
0.7688 -4.8464e-08 
0.768 -4.92717e-08 
0.7672 -5.01002e-08 
0.7664 -5.09537e-08 
0.7656 -5.1828e-08 
0.7648 -5.27203e-08 
0.764 -5.36432e-08 
0.7632 -5.45869e-08 
0.7624 -5.555e-08 
0.7616 -5.65395e-08 
0.7608 -5.75553e-08 
0.76 -5.86073e-08 
0.7592 -5.9662e-08 
0.7584 -6.07583e-08 
0.7576 -6.18741e-08 
0.7568 -6.30065e-08 
0.756 -6.41806e-08 
0.7552 -6.53658e-08 
0.7544 -6.65829e-08 
0.7536 -6.78416e-08 
0.7528 -6.91155e-08 
0.752 -7.04187e-08 
0.7512 -7.17496e-08 
0.7504 -7.31151e-08 
0.7496 -7.45001e-08 
0.7488 -7.59184e-08 
0.748 -7.73701e-08 
0.7472 -7.88564e-08 
0.7464 -8.03732e-08 
0.7456 -8.19164e-08 
0.7448 -8.34957e-08 
0.744 -8.51111e-08 
0.7432 -8.67584e-08 
0.7424 -8.8439e-08 
0.7416 -9.01598e-08 
0.7408 -9.19126e-08 
0.74 -9.37014e-08 
0.7392 -9.55278e-08 
0.7384 -9.73971e-08 
0.7376 -9.93011e-08 
0.7368 -1.0125e-07 
0.736 -1.03234e-07 
0.7352 -1.05262e-07 
0.7344 -1.07324e-07 
0.7336 -1.09439e-07 
0.7328 -1.116e-07 
0.732 -1.13798e-07 
0.7312 -1.16042e-07 
0.7304 -1.18333e-07 
0.7296 -1.20672e-07 
0.7288 -1.23057e-07 
0.728 -1.25491e-07 
0.7272 -1.2798e-07 
0.7264 -1.30515e-07 
0.7256 -1.33106e-07 
0.7248 -1.3575e-07 
0.724 -1.38443e-07 
0.7232 -1.41201e-07 
0.7224 -1.44006e-07 
0.7216 -1.46869e-07 
0.7208 -1.49791e-07 
0.72 -1.52781e-07 
0.7192 -1.55824e-07 
0.7184 -1.58931e-07 
0.7176 -1.62098e-07 
0.7168 -1.65333e-07 
0.716 -1.68632e-07 
0.7152 -1.71993e-07 
0.7144 -1.75433e-07 
0.7136 -1.78942e-07 
0.7128 -1.82525e-07 
0.712 -1.86173e-07 
0.7112 -1.89904e-07 
0.7104 -1.93696e-07 
0.7096 -1.97567e-07 
0.7088 -2.01524e-07 
0.708 -2.05566e-07 
0.7072 -2.09685e-07 
0.7064 -2.13891e-07 
0.7056 -2.18173e-07 
0.7048 -2.22555e-07 
0.704 -2.27011e-07 
0.7032 -2.31565e-07 
0.7024 -2.3621e-07 
0.7016 -2.40956e-07 
0.7008 -2.45792e-07 
0.7 -2.50724e-07 
0.6992 -2.55765e-07 
0.6984 -2.60904e-07 
0.6976 -2.6614e-07 
0.6968 -2.71486e-07 
0.696 -2.76944e-07 
0.6952 -2.8251e-07 
0.6944 -2.88188e-07 
0.6936 -2.9398e-07 
0.6928 -2.99895e-07 
0.692 -3.05922e-07 
0.6912 -3.12082e-07 
0.6904 -3.18352e-07 
0.6896 -3.24762e-07 
0.6888 -3.31295e-07 
0.688 -3.3797e-07 
0.6872 -3.44766e-07 
0.6864 -3.51702e-07 
0.6856 -3.58784e-07 
0.6848 -3.66006e-07 
0.684 -3.73385e-07 
0.6832 -3.80898e-07 
0.6824 -3.8857e-07 
0.6816 -3.96397e-07 
0.6808 -4.04381e-07 
0.68 -4.1253e-07 
0.6792 -4.20838e-07 
0.6784 -4.29314e-07 
0.6776 -4.37966e-07 
0.6768 -4.46794e-07 
0.676 -4.55792e-07 
0.6752 -4.64981e-07 
0.6744 -4.74348e-07 
0.6736 -4.8391e-07 
0.6728 -4.93673e-07 
0.672 -5.03622e-07 
0.6712 -5.13775e-07 
0.6704 -5.24136e-07 
0.6696 -5.34701e-07 
0.6688 -5.45482e-07 
0.668 -5.56472e-07 
0.6672 -5.677e-07 
0.6664 -5.79153e-07 
0.6656 -5.90832e-07 
0.6648 -6.02748e-07 
0.664 -6.14908e-07 
0.6632 -6.27308e-07 
0.6624 -6.39962e-07 
0.6616 -6.52871e-07 
0.6608 -6.66044e-07 
0.66 -6.79476e-07 
0.6592 -6.93182e-07 
0.6584 -7.07169e-07 
0.6576 -7.21444e-07 
0.6568 -7.35999e-07 
0.656 -7.50847e-07 
0.6552 -7.65998e-07 
0.6544 -7.81453e-07 
0.6536 -7.97229e-07 
0.6528 -8.13309e-07 
0.652 -8.29725e-07 
0.6512 -8.46469e-07 
0.6504 -8.63551e-07 
0.6496 -8.80981e-07 
0.6488 -8.98762e-07 
0.648 -9.16905e-07 
0.6472 -9.35416e-07 
0.6464 -9.54291e-07 
0.6456 -9.73552e-07 
0.6448 -9.93206e-07 
0.644 -1.01325e-06 
0.6432 -1.03371e-06 
0.6424 -1.05457e-06 
0.6416 -1.07586e-06 
0.6408 -1.09759e-06 
0.64 -1.11974e-06 
0.6392 -1.14235e-06 
0.6384 -1.16541e-06 
0.6376 -1.18893e-06 
0.6368 -1.21294e-06 
0.636 -1.23743e-06 
0.6352 -1.26242e-06 
0.6344 -1.2879e-06 
0.6336 -1.3139e-06 
0.6328 -1.34043e-06 
0.632 -1.36749e-06 
0.6312 -1.3951e-06 
0.6304 -1.42327e-06 
0.6296 -1.45201e-06 
0.6288 -1.48133e-06 
0.628 -1.51124e-06 
0.6272 -1.54176e-06 
0.6264 -1.57289e-06 
0.6256 -1.60465e-06 
0.6248 -1.63705e-06 
0.624 -1.67012e-06 
0.6232 -1.70384e-06 
0.6224 -1.73825e-06 
0.6216 -1.77335e-06 
0.6208 -1.80916e-06 
0.62 -1.8457e-06 
0.6192 -1.88297e-06 
0.6184 -1.921e-06 
0.6176 -1.95979e-06 
0.6168 -1.99937e-06 
0.616 -2.03975e-06 
0.6152 -2.08094e-06 
0.6144 -2.12297e-06 
0.6136 -2.16584e-06 
0.6128 -2.20959e-06 
0.612 -2.2542e-06 
0.6112 -2.29974e-06 
0.6104 -2.34618e-06 
0.6096 -2.39356e-06 
0.6088 -2.4419e-06 
0.608 -2.49123e-06 
0.6072 -2.54154e-06 
0.6064 -2.59287e-06 
0.6056 -2.64524e-06 
0.6048 -2.69867e-06 
0.604 -2.75317e-06 
0.6032 -2.80878e-06 
0.6024 -2.8655e-06 
0.6016 -2.92339e-06 
0.6008 -2.98243e-06 
0.6 -3.04267e-06 
0.5992 -3.10412e-06 
0.5984 -3.16682e-06 
0.5976 -3.23078e-06 
0.5968 -3.29603e-06 
0.596 -3.36261e-06 
0.5952 -3.43053e-06 
0.5944 -3.49982e-06 
0.5936 -3.57051e-06 
0.5928 -3.64263e-06 
0.592 -3.7162e-06 
0.5912 -3.79126e-06 
0.5904 -3.86784e-06 
0.5896 -3.94597e-06 
0.5888 -4.02567e-06 
0.588 -4.10698e-06 
0.5872 -4.18994e-06 
0.5864 -4.27458e-06 
0.5856 -4.36092e-06 
0.5848 -4.44901e-06 
0.584 -4.53887e-06 
0.5832 -4.63055e-06 
0.5824 -4.72409e-06 
0.5816 -4.81951e-06 
0.5808 -4.91686e-06 
0.58 -5.01618e-06 
0.5792 -5.1175e-06 
0.5784 -5.22088e-06 
0.5776 -5.32633e-06 
0.5768 -5.43392e-06 
0.576 -5.54368e-06 
0.5752 -5.65566e-06 
0.5744 -5.76991e-06 
0.5736 -5.88645e-06 
0.5728 -6.00536e-06 
0.572 -6.12667e-06 
0.5712 -6.25043e-06 
0.5704 -6.37669e-06 
0.5696 -6.50549e-06 
0.5688 -6.6369e-06 
0.568 -6.77097e-06 
0.5672 -6.90774e-06 
0.5664 -7.04727e-06 
0.5656 -7.18963e-06 
0.5648 -7.33487e-06 
0.564 -7.48303e-06 
0.5632 -7.63419e-06 
0.5624 -7.7884e-06 
0.5616 -7.94572e-06 
0.5608 -8.10623e-06 
0.56 -8.26998e-06 
0.5592 -8.43703e-06 
0.5584 -8.60746e-06 
0.5576 -8.78134e-06 
0.5568 -8.95872e-06 
0.556 -9.13969e-06 
0.5552 -9.32432e-06 
0.5544 -9.51267e-06 
0.5536 -9.70483e-06 
0.5528 -9.90087e-06 
0.552 -1.01009e-05 
0.5512 -1.03049e-05 
0.5504 -1.05131e-05 
0.5496 -1.07255e-05 
0.5488 -1.09421e-05 
0.548 -1.11631e-05 
0.5472 -1.13886e-05 
0.5464 -1.16187e-05 
0.5456 -1.18534e-05 
0.5448 -1.20929e-05 
0.544 -1.23371e-05 
0.5432 -1.25864e-05 
0.5424 -1.28406e-05 
0.5416 -1.31e-05 
0.5408 -1.33646e-05 
0.54 -1.36346e-05 
0.5392 -1.391e-05 
0.5384 -1.4191e-05 
0.5376 -1.44777e-05 
0.5368 -1.47701e-05 
0.536 -1.50685e-05 
0.5352 -1.53729e-05 
0.5344 -1.56834e-05 
0.5336 -1.60003e-05 
0.5328 -1.63235e-05 
0.532 -1.66532e-05 
0.5312 -1.69896e-05 
0.5304 -1.73328e-05 
0.5296 -1.7683e-05 
0.5288 -1.80402e-05 
0.528 -1.84046e-05 
0.5272 -1.87764e-05 
0.5264 -1.91557e-05 
0.5256 -1.95426e-05 
0.5248 -1.99374e-05 
0.524 -2.03402e-05 
0.5232 -2.07511e-05 
0.5224 -2.11702e-05 
0.5216 -2.15979e-05 
0.5208 -2.20342e-05 
0.52 -2.24793e-05 
0.5192 -2.29334e-05 
0.5184 -2.33967e-05 
0.5176 -2.38693e-05 
0.5168 -2.43515e-05 
0.516 -2.48434e-05 
0.5152 -2.53453e-05 
0.5144 -2.58573e-05 
0.5136 -2.63796e-05 
0.5128 -2.69125e-05 
0.512 -2.74561e-05 
0.5112 -2.80108e-05 
0.5104 -2.85766e-05 
0.5096 -2.91539e-05 
0.5088 -2.97428e-05 
0.508 -3.03437e-05 
0.5072 -3.09566e-05 
0.5064 -3.1582e-05 
0.5056 -3.222e-05 
0.5048 -3.28708e-05 
0.504 -3.35348e-05 
0.5032 -3.42123e-05 
0.5024 -3.49034e-05 
0.5016 -3.56085e-05 
0.5008 -3.63278e-05 
0.5 -3.70616e-05 
0.4992 -3.78103e-05 
0.4984 -3.85741e-05 
0.4976 -3.93534e-05 
0.4968 -4.01483e-05 
0.496 -4.09593e-05 
0.4952 -4.17868e-05 
0.4944 -4.26309e-05 
0.4936 -4.34921e-05 
0.4928 -4.43706e-05 
0.492 -4.5267e-05 
0.4912 -4.61814e-05 
0.4904 -4.71143e-05 
0.4896 -4.8066e-05 
0.4888 -4.9037e-05 
0.488 -5.00276e-05 
0.4872 -5.10382e-05 
0.4864 -5.20692e-05 
0.4856 -5.31211e-05 
0.4848 -5.41941e-05 
0.484 -5.52889e-05 
0.4832 -5.64058e-05 
0.4824 -5.75452e-05 
0.4816 -5.87077e-05 
0.4808 -5.98936e-05 
0.48 -6.11035e-05 
0.4792 -6.23379e-05 
0.4784 -6.35971e-05 
0.4776 -6.48818e-05 
0.4768 -6.61925e-05 
0.476 -6.75296e-05 
0.4752 -6.88938e-05 
0.4744 -7.02855e-05 
0.4736 -7.17053e-05 
0.4728 -7.31538e-05 
0.472 -7.46316e-05 
0.4712 -7.61392e-05 
0.4704 -7.76773e-05 
0.4696 -7.92464e-05 
0.4688 -8.08472e-05 
0.468 -8.24804e-05 
0.4672 -8.41466e-05 
0.4664 -8.58464e-05 
0.4656 -8.75805e-05 
0.4648 -8.93497e-05 
0.464 -9.11546e-05 
0.4632 -9.2996e-05 
0.4624 -9.48746e-05 
0.4616 -9.67911e-05 
0.4608 -9.87464e-05 
0.46 -0.000100741 
0.4592 -0.000102776 
0.4584 -0.000104852 
0.4576 -0.00010697 
0.4568 -0.000109131 
0.456 -0.000111336 
0.4552 -0.000113585 
0.4544 -0.000115879 
0.4536 -0.00011822 
0.4528 -0.000120608 
0.452 -0.000123045 
0.4512 -0.00012553 
0.4504 -0.000128066 
0.4496 -0.000130653 
0.4488 -0.000133292 
0.448 -0.000135985 
0.4472 -0.000138732 
0.4464 -0.000141534 
0.4456 -0.000144393 
0.4448 -0.00014731 
0.444 -0.000150286 
0.4432 -0.000153321 
0.4424 -0.000156419 
0.4416 -0.000159578 
0.4408 -0.000162802 
0.44 -0.00016609 
0.4392 -0.000169446 
0.4384 -0.000172868 
0.4376 -0.00017636 
0.4368 -0.000179923 
0.436 -0.000183557 
0.4352 -0.000187265 
0.4344 -0.000191048 
0.4336 -0.000194907 
0.4328 -0.000198845 
0.432 -0.000202861 
0.4312 -0.000206959 
0.4304 -0.00021114 
0.4296 -0.000215405 
0.4288 -0.000219756 
0.428 -0.000224195 
0.4272 -0.000228724 
0.4264 -0.000233344 
0.4256 -0.000238058 
0.4248 -0.000242866 
0.424 -0.000247772 
0.4232 -0.000252777 
0.4224 -0.000257883 
0.4216 -0.000263093 
0.4208 -0.000268407 
0.42 -0.000273829 
0.4192 -0.00027936 
0.4184 -0.000285003 
0.4176 -0.00029076 
0.4168 -0.000296633 
0.416 -0.000302625 
0.4152 -0.000308738 
0.4144 -0.000314975 
0.4136 -0.000321337 
0.4128 -0.000327828 
0.412 -0.00033445 
0.4112 -0.000341206 
0.4104 -0.000348098 
0.4096 -0.000355129 
0.4088 -0.000362303 
0.408 -0.000369621 
0.4072 -0.000377087 
0.4064 -0.000384704 
0.4056 -0.000392475 
0.4048 -0.000400403 
0.404 -0.000408491 
0.4032 -0.000416742 
0.4024 -0.00042516 
0.4016 -0.000433748 
0.4008 -0.000442509 
0.4 -0.000451448 
0.3992 -0.000460567 
0.3984 -0.00046987 
0.3976 -0.00047936 
0.3968 -0.000489043 
0.396 -0.000498921 
0.3952 -0.000508999 
0.3944 -0.00051928 
0.3936 -0.000529769 
0.3928 -0.00054047 
0.392 -0.000551387 
0.3912 -0.000562524 
0.3904 -0.000573886 
0.3896 -0.000585478 
0.3888 -0.000597304 
0.388 -0.000609369 
0.3872 -0.000621677 
0.3864 -0.000634234 
0.3856 -0.000647045 
0.3848 -0.000660114 
0.384 -0.000673447 
0.3832 -0.00068705 
0.3824 -0.000700927 
0.3816 -0.000715085 
0.3808 -0.000729528 
0.38 -0.000744263 
0.3792 -0.000759296 
0.3784 -0.000774632 
0.3776 -0.000790278 
0.3768 -0.00080624 
0.376 -0.000822524 
0.3752 -0.000839138 
0.3744 -0.000856086 
0.3736 -0.000873377 
0.3728 -0.000891017 
0.372 -0.000909014 
0.3712 -0.000927373 
0.3704 -0.000946104 
0.3696 -0.000965213 
0.3688 -0.000984708 
0.368 -0.0010046 
0.3672 -0.00102489 
0.3664 -0.00104559 
0.3656 -0.0010667 
0.3648 -0.00108825 
0.364 -0.00111023 
0.3632 -0.00113265 
0.3624 -0.00115553 
0.3616 -0.00117886 
0.3608 -0.00120267 
0.36 -0.00122696 
0.3592 -0.00125174 
0.3584 -0.00127702 
0.3576 -0.00130281 
0.3568 -0.00132913 
0.356 -0.00135597 
0.3552 -0.00138335 
0.3544 -0.00141129 
0.3536 -0.00143979 
0.3528 -0.00146887 
0.352 -0.00149854 
0.3512 -0.0015288 
0.3504 -0.00155967 
0.3496 -0.00159117 
0.3488 -0.00162331 
0.348 -0.00165609 
0.3472 -0.00168953 
0.3464 -0.00172365 
0.3456 -0.00175846 
0.3448 -0.00179397 
0.344 -0.0018302 
0.3432 -0.00186716 
0.3424 -0.00190487 
0.3416 -0.00194333 
0.3408 -0.00198258 
0.34 -0.00202261 
0.3392 -0.00206346 
0.3384 -0.00210513 
0.3376 -0.00214763 
0.3368 -0.002191 
0.336 -0.00223525 
0.3352 -0.00228038 
0.3344 -0.00232643 
0.3336 -0.00237341 
0.3328 -0.00242133 
0.332 -0.00247022 
0.3312 -0.0025201 
0.3304 -0.00257099 
0.3296 -0.0026229 
0.3288 -0.00267586 
0.328 -0.00272989 
0.3272 -0.00278501 
0.3264 -0.00284124 
0.3256 -0.00289861 
0.3248 -0.00295714 
0.324 -0.00301684 
0.3232 -0.00307775 
0.3224 -0.00313989 
0.3216 -0.00320329 
0.3208 -0.00326796 
0.32 -0.00333394 
0.3192 -0.00340125 
0.3184 -0.00346992 
0.3176 -0.00353997 
0.3168 -0.00361144 
0.316 -0.00368435 
0.3152 -0.00375873 
0.3144 -0.00383461 
0.3136 -0.00391202 
0.3128 -0.003991 
0.312 -0.00407156 
0.3112 -0.00415376 
0.3104 -0.00423761 
0.3096 -0.00432315 
0.3088 -0.00441042 
0.308 -0.00449945 
0.3072 -0.00459027 
0.3064 -0.00468293 
0.3056 -0.00477745 
0.3048 -0.00487388 
0.304 -0.00497226 
0.3032 -0.00507262 
0.3024 -0.005175 
0.3016 -0.00527945 
0.3008 -0.00538601 
0.3 -0.00549471 
0.2992 -0.00560561 
0.2984 -0.00571874 
0.2976 -0.00583415 
0.2968 -0.0059519 
0.296 -0.00607201 
0.2952 -0.00619455 
0.2944 -0.00631955 
0.2936 -0.00644708 
0.2928 -0.00657718 
0.292 -0.0067099 
0.2912 -0.0068453 
0.2904 -0.00698342 
0.2896 -0.00712433 
0.2888 -0.00726808 
0.288 -0.00741473 
0.2872 -0.00756433 
0.2864 -0.00771694 
0.2856 -0.00787264 
0.2848 -0.00803147 
0.284 -0.0081935 
0.2832 -0.00835879 
0.2824 -0.00852741 
0.2816 -0.00869944 
0.2808 -0.00887492 
0.28 -0.00905395 
0.2792 -0.00923658 
0.2784 -0.00942288 
0.2776 -0.00961294 
0.2768 -0.00980683 
0.276 -0.0100046 
0.2752 -0.0102064 
0.2744 -0.0104122 
0.2736 -0.0106222 
0.2728 -0.0108364 
0.272 -0.011055 
0.2712 -0.0112779 
0.2704 -0.0115053 
0.2696 -0.0117373 
0.2688 -0.0119739 
0.268 -0.0122153 
0.2672 -0.0124616 
0.2664 -0.0127129 
0.2656 -0.0129691 
0.2648 -0.0132306 
0.264 -0.0134973 
0.2632 -0.0137694 
0.2624 -0.0140469 
0.2616 -0.01433 
0.2608 -0.0146189 
0.26 -0.0149135 
0.2592 -0.015214 
0.2584 -0.0155206 
0.2576 -0.0158334 
0.2568 -0.0161524 
0.256 -0.0164779 
0.2552 -0.0168099 
0.2544 -0.0171486 
0.2536 -0.017494 
0.2528 -0.0178465 
0.252 -0.018206 
0.2512 -0.0185727 
0.2504 -0.0189468 
0.2496 -0.0193284 
0.2488 -0.0197176 
0.248 -0.0201147 
0.2472 -0.0205198 
0.2464 -0.0209329 
0.2456 -0.0213544 
0.2448 -0.0217844 
0.244 -0.0222229 
0.2432 -0.0226703 
0.2424 -0.0231266 
0.2416 -0.0235921 
0.2408 -0.0240669 
0.24 -0.0245513 
0.2392 -0.0250453 
0.2384 -0.0255493 
0.2376 -0.0260634 
0.2368 -0.0265877 
0.236 -0.0271226 
0.2352 -0.0276682 
0.2344 -0.0282247 
0.2336 -0.0287924 
0.2328 -0.0293714 
0.232 -0.029962 
0.2312 -0.0305645 
0.2304 -0.031179 
0.2296 -0.0318058 
0.2288 -0.0324451 
0.228 -0.0330973 
0.2272 -0.0337624 
0.2264 -0.0344409 
0.2256 -0.035133 
0.2248 -0.0358388 
0.224 -0.0365588 
0.2232 -0.0372932 
0.2224 -0.0380422 
0.2216 -0.0388062 
0.2208 -0.0395854 
0.22 -0.0403802 
0.2192 -0.0411909 
0.2184 -0.0420177 
0.2176 -0.042861 
0.2168 -0.0437212 
0.216 -0.0445984 
0.2152 -0.0454932 
0.2144 -0.0464058 
0.2136 -0.0473366 
0.2128 -0.0482859 
0.212 -0.0492541 
0.2112 -0.0502416 
0.2104 -0.0512487 
0.2096 -0.0522759 
0.2088 -0.0533235 
0.208 -0.0543919 
0.2072 -0.0554815 
0.2064 -0.0565928 
0.2056 -0.0577262 
0.2048 -0.0588821 
0.204 -0.0600609 
0.2032 -0.0612631 
0.2024 -0.0624891 
0.2016 -0.0637395 
0.2008 -0.0650146 
0.2 -0.066315 
0.1992 -0.0676411 
0.1984 -0.0689935 
0.1976 -0.0703726 
0.1968 -0.071779 
0.196 -0.0732132 
0.1952 -0.0746758 
0.1944 -0.0761672 
0.1936 -0.0776881 
0.1928 -0.0792391 
0.192 -0.0808206 
0.1912 -0.0824332 
0.1904 -0.0840777 
0.1896 -0.0857546 
0.1888 -0.0874644 
0.188 -0.089208 
0.1872 -0.0909858 
0.1864 -0.0927985 
0.1856 -0.0946469 
0.1848 -0.0965315 
0.184 -0.0984532 
0.1832 -0.100412 
0.1824 -0.10241 
0.1816 -0.104447 
0.1808 -0.106524 
0.18 -0.108641 
0.1792 -0.1108 
0.1784 -0.113001 
0.1776 -0.115245 
0.1768 -0.117532 
0.176 -0.119865 
0.1752 -0.122242 
0.1744 -0.124667 
0.1736 -0.127138 
0.1728 -0.129657 
0.172 -0.132225 
0.1712 -0.134843 
0.1704 -0.137512 
0.1696 -0.140233 
0.1688 -0.143006 
0.168 -0.145833 
0.1672 -0.148714 
0.1664 -0.151651 
0.1656 -0.154645 
0.1648 -0.157697 
0.164 -0.160807 
0.1632 -0.163977 
0.1624 -0.167209 
0.1616 -0.170502 
0.1608 -0.173858 
0.16 -0.177279 
0.1592 -0.180765 
0.1584 -0.184318 
0.1576 -0.187938 
0.1568 -0.191628 
0.156 -0.195388 
0.1552 -0.19922 
0.1544 -0.203125 
0.1536 -0.207103 
0.1528 -0.211157 
0.152 -0.215288 
0.1512 -0.219498 
0.1504 -0.223786 
0.1496 -0.228156 
0.1488 -0.232608 
0.148 -0.237143 
0.1472 -0.241764 
0.1464 -0.246471 
0.1456 -0.251267 
0.1448 -0.256153 
0.144 -0.261129 
0.1432 -0.266198 
0.1424 -0.271362 
0.1416 -0.276622 
0.1408 -0.281979 
0.14 -0.287436 
0.1392 -0.292993 
0.1384 -0.298653 
0.1376 -0.304417 
0.1368 -0.310287 
0.136 -0.316265 
0.1352 -0.322352 
0.1344 -0.328551 
0.1336 -0.334862 
0.1328 -0.341289 
0.132 -0.347832 
0.1312 -0.354493 
0.1304 -0.361276 
0.1296 -0.36818 
0.1288 -0.375209 
0.128 -0.382364 
0.1272 -0.389647 
0.1264 -0.39706 
0.1256 -0.404606 
0.1248 -0.412285 
0.124 -0.420101 
0.1232 -0.428055 
0.1224 -0.436149 
0.1216 -0.444386 
0.1208 -0.452767 
0.12 -0.461294 
0.1192 -0.46997 
0.1184 -0.478797 
0.1176 -0.487777 
0.1168 -0.496912 
0.116 -0.506204 
0.1152 -0.515655 
0.1144 -0.525269 
0.1136 -0.535046 
0.1128 -0.544989 
0.112 -0.5551 
0.1112 -0.565381 
0.1104 -0.575835 
0.1096 -0.586464 
0.1088 -0.597271 
0.108 -0.608256 
0.1072 -0.619423 
0.1064 -0.630774 
0.1056 -0.64231 
0.1048 -0.654035 
0.104 -0.66595 
0.1032 -0.678058 
0.1024 -0.690361 
0.1016 -0.70286 
0.1008 -0.715559 
0.1 -0.728459 
0.0992 -0.741563 
0.0984 -0.754872 
0.0976 -0.768388 
0.0968 -0.782115 
0.096 -0.796053 
0.0952 -0.810205 
0.0944 -0.824572 
0.0936 -0.839158 
0.0928 -0.853963 
0.092 -0.86899 
0.0912 -0.884241 
0.0904 -0.899716 
0.0896 -0.915419 
0.0888 -0.931351 
0.088 -0.947513 
0.0872 -0.963907 
0.0864 -0.980535 
0.0856 -0.997398 
0.0848 -1.0145 
0.084 -1.03184 
0.0832 -1.04941 
0.0824 -1.06723 
0.0816 -1.08529 
0.0808 -1.10359 
0.08 -1.12214 
0.0792 -1.14093 
0.0784 -1.15997 
0.0776 -1.17926 
0.0768 -1.19879 
0.076 -1.21857 
0.0752 -1.2386 
0.0744 -1.25887 
0.0736 -1.2794 
0.0728 -1.30017 
0.072 -1.3212 
0.0712 -1.34247 
0.0704 -1.364 
0.0696 -1.38577 
0.0688 -1.40779 
0.068 -1.43006 
0.0672 -1.45257 
0.0664 -1.47533 
0.0656 -1.49834 
0.0648 -1.52159 
0.064 -1.54508 
0.0632 -1.56881 
0.0624 -1.59279 
0.0616 -1.617 
0.0608 -1.64145 
0.06 -1.66613 
0.0592 -1.69105 
0.0584 -1.71619 
0.0576 -1.74156 
0.0568 -1.76716 
0.056 -1.79297 
0.0552 -1.819 
0.0544 -1.84525 
0.0536 -1.87171 
0.0528 -1.89838 
0.052 -1.92525 
0.0512 -1.95232 
0.0504 -1.97958 
0.0496 -2.00704 
0.0488 -2.03468 
0.048 -2.0625 
0.0472 -2.0905 
0.0464 -2.11867 
0.0456 -2.14701 
0.0448 -2.1755 
0.044 -2.20415 
0.0432 -2.23295 
0.0424 -2.26189 
0.0416 -2.29097 
0.0408 -2.32017 
0.04 -2.3495 
0.0392 -2.37894 
0.0384 -2.40849 
0.0376 -2.43814 
0.0368 -2.46788 
0.036 -2.49771 
0.0352 -2.52761 
0.0344 -2.55759 
0.0336 -2.58762 
0.0328 -2.61771 
0.032 -2.64784 
0.0312 -2.67801 
0.0304 -2.70821 
0.0296 -2.73842 
0.0288 -2.76864 
0.028 -2.79886 
0.0272 -2.82907 
0.0264 -2.85926 
0.0256 -2.88943 
0.0248 -2.91955 
0.024 -2.94963 
0.0232 -2.97964 
0.0224 -3.00959 
0.0216 -3.03946 
0.0208 -3.06925 
0.02 -3.09893 
0.0192 -3.12851 
0.0184 -3.15797 
0.0176 -3.1873 
0.0168 -3.21649 
0.016 -3.24553 
0.0152 -3.27442 
0.0144 -3.30313 
0.0136 -3.33167 
0.0128 -3.36001 
0.012 -3.38816 
0.0112 -3.4161 
0.0104 -3.44382 
0.0096 -3.47131 
0.0088 -3.49856 
0.008 -3.52556 
0.0072 -3.55231 
0.0064 -3.57878 
0.0056 -3.60499 
0.0048 -3.6309 
0.004 -3.65653 
0.0032 -3.68185 
0.0024 -3.70685 
0.0016 -3.73154 
0.0008 -3.7559 
1.35111e-14 -3.77992 
-0.0008 -3.8036 
-0.0016 -3.82693 
-0.0024 -3.84989 
-0.0032 -3.87249 
-0.004 -3.89472 
-0.0048 -3.91657 
-0.0056 -3.93803 
-0.0064 -3.9591 
-0.0072 -3.97976 
-0.008 -4.00003 
-0.0088 -4.01988 
-0.0096 -4.03932 
-0.0104 -4.05834 
-0.0112 -4.07693 
-0.012 -4.0951 
-0.0128 -4.11283 
-0.0136 -4.13012 
-0.0144 -4.14698 
-0.0152 -4.16339 
-0.016 -4.17935 
-0.0168 -4.19487 
-0.0176 -4.20993 
-0.0184 -4.22454 
-0.0192 -4.2387 
-0.02 -4.2524 
-0.0208 -4.26564 
-0.0216 -4.27842 
-0.0224 -4.29075 
-0.0232 -4.30261 
-0.024 -4.31402 
-0.0248 -4.32496 
-0.0256 -4.33545 
-0.0264 -4.34548 
-0.0272 -4.35506 
-0.028 -4.36417 
-0.0288 -4.37284 
-0.0296 -4.38105 
-0.0304 -4.38881 
-0.0312 -4.39613 
-0.032 -4.403 
-0.0328 -4.40943 
-0.0336 -4.41541 
-0.0344 -4.42097 
-0.0352 -4.42609 
-0.036 -4.43078 
-0.0368 -4.43504 
-0.0376 -4.43888 
-0.0384 -4.44231 
-0.0392 -4.44532 
-0.04 -4.44793 
-0.0408 -4.45013 
-0.0416 -4.45193 
-0.0424 -4.45334 
-0.0432 -4.45436 
-0.044 -4.45499 
-0.0448 -4.45525 
-0.0456 -4.45513 
-0.0464 -4.45465 
-0.0472 -4.4538 
-0.048 -4.4526 
-0.0488 -4.45105 
-0.0496 -4.44916 
-0.0504 -4.44692 
-0.0512 -4.44436 
-0.052 -4.44146 
-0.0528 -4.43825 
-0.0536 -4.43472 
-0.0544 -4.43089 
-0.0552 -4.42675 
-0.056 -4.42232 
-0.0568 -4.41761 
-0.0576 -4.4126 
-0.0584 -4.40733 
-0.0592 -4.40178 
-0.06 -4.39597 
-0.0608 -4.3899 
-0.0616 -4.38358 
-0.0624 -4.37702 
-0.0632 -4.37022 
-0.064 -4.36319 
-0.0648 -4.35593 
-0.0656 -4.34845 
-0.0664 -4.34076 
-0.0672 -4.33286 
-0.068 -4.32476 
-0.0688 -4.31646 
-0.0696 -4.30798 
-0.0704 -4.29931 
-0.0712 -4.29047 
-0.072 -4.28145 
-0.0728 -4.27227 
-0.0736 -4.26293 
-0.0744 -4.25343 
-0.0752 -4.24378 
-0.076 -4.23399 
-0.0768 -4.22407 
-0.0776 -4.214 
-0.0784 -4.20382 
-0.0792 -4.19351 
-0.08 -4.18308 
-0.0808 -4.17254 
-0.0816 -4.16189 
-0.0824 -4.15114 
-0.0832 -4.14029 
-0.084 -4.12935 
-0.0848 -4.11832 
-0.0856 -4.1072 
-0.0864 -4.09601 
-0.0872 -4.08474 
-0.088 -4.0734 
-0.0888 -4.06199 
-0.0896 -4.05052 
-0.0904 -4.03899 
-0.0912 -4.0274 
-0.092 -4.01576 
-0.0928 -4.00408 
-0.0936 -3.99235 
-0.0944 -3.98058 
-0.0952 -3.96878 
-0.096 -3.95694 
-0.0968 -3.94507 
-0.0976 -3.93318 
-0.0984 -3.92126 
-0.0992 -3.90932 
-0.1 -3.89736 
-0.1008 -3.88539 
-0.1016 -3.8734 
-0.1024 -3.86141 
-0.1032 -3.84941 
-0.104 -3.8374 
-0.1048 -3.8254 
-0.1056 -3.8134 
-0.1064 -3.80139 
-0.1072 -3.7894 
-0.108 -3.77741 
-0.1088 -3.76544 
-0.1096 -3.75347 
-0.1104 -3.74152 
-0.1112 -3.72959 
-0.112 -3.71767 
-0.1128 -3.70578 
-0.1136 -3.69391 
-0.1144 -3.68206 
-0.1152 -3.67023 
-0.116 -3.65844 
-0.1168 -3.64667 
-0.1176 -3.63493 
-0.1184 -3.62322 
-0.1192 -3.61155 
-0.12 -3.59991 
-0.1208 -3.58831 
-0.1216 -3.57674 
-0.1224 -3.56521 
-0.1232 -3.55372 
-0.124 -3.54227 
-0.1248 -3.53086 
-0.1256 -3.51949 
-0.1264 -3.50817 
-0.1272 -3.49689 
-0.128 -3.48566 
-0.1288 -3.47447 
-0.1296 -3.46333 
-0.1304 -3.45223 
-0.1312 -3.44118 
-0.132 -3.43019 
-0.1328 -3.41924 
-0.1336 -3.40834 
-0.1344 -3.39749 
-0.1352 -3.3867 
-0.136 -3.37595 
-0.1368 -3.36526 
-0.1376 -3.35462 
-0.1384 -3.34403 
-0.1392 -3.3335 
-0.14 -3.32302 
-0.1408 -3.3126 
-0.1416 -3.30223 
-0.1424 -3.29191 
-0.1432 -3.28165 
-0.144 -3.27144 
-0.1448 -3.26129 
-0.1456 -3.2512 
-0.1464 -3.24116 
-0.1472 -3.23118 
-0.148 -3.22125 
-0.1488 -3.21138 
-0.1496 -3.20157 
-0.1504 -3.19181 
-0.1512 -3.18211 
-0.152 -3.17246 
-0.1528 -3.16288 
-0.1536 -3.15334 
-0.1544 -3.14387 
-0.1552 -3.13445 
-0.156 -3.12509 
-0.1568 -3.11578 
-0.1576 -3.10653 
-0.1584 -3.09734 
-0.1592 -3.0882 
-0.16 -3.07912 
-0.1608 -3.0701 
-0.1616 -3.06113 
-0.1624 -3.05222 
-0.1632 -3.04336 
-0.164 -3.03456 
-0.1648 -3.02581 
-0.1656 -3.01712 
-0.1664 -3.00848 
-0.1672 -2.9999 
-0.168 -2.99137 
-0.1688 -2.98289 
-0.1696 -2.97447 
-0.1704 -2.96611 
-0.1712 -2.9578 
-0.172 -2.94954 
-0.1728 -2.94133 
-0.1736 -2.93318 
-0.1744 -2.92508 
-0.1752 -2.91703 
-0.176 -2.90903 
-0.1768 -2.90109 
-0.1776 -2.8932 
-0.1784 -2.88536 
-0.1792 -2.87756 
-0.18 -2.86983 
-0.1808 -2.86214 
-0.1816 -2.8545 
-0.1824 -2.84691 
-0.1832 -2.83937 
-0.184 -2.83188 
-0.1848 -2.82444 
-0.1856 -2.81704 
-0.1864 -2.8097 
-0.1872 -2.8024 
-0.188 -2.79516 
-0.1888 -2.78796 
-0.1896 -2.7808 
-0.1904 -2.7737 
-0.1912 -2.76663 
-0.192 -2.75962 
-0.1928 -2.75265 
-0.1936 -2.74573 
-0.1944 -2.73885 
-0.1952 -2.73202 
-0.196 -2.72523 
-0.1968 -2.71849 
-0.1976 -2.71179 
-0.1984 -2.70513 
-0.1992 -2.69852 
-0.2 -2.69195 
-0.2008 -2.68543 
-0.2016 -2.67894 
-0.2024 -2.6725 
-0.2032 -2.6661 
-0.204 -2.65974 
-0.2048 -2.65342 
-0.2056 -2.64715 
-0.2064 -2.64091 
-0.2072 -2.63472 
-0.208 -2.62856 
-0.2088 -2.62244 
-0.2096 -2.61637 
-0.2104 -2.61033 
-0.2112 -2.60433 
-0.212 -2.59837 
-0.2128 -2.59245 
-0.2136 -2.58656 
-0.2144 -2.58071 
-0.2152 -2.5749 
-0.216 -2.56913 
-0.2168 -2.56339 
-0.2176 -2.55769 
-0.2184 -2.55203 
-0.2192 -2.5464 
-0.22 -2.54081 
-0.2208 -2.53525 
-0.2216 -2.52972 
-0.2224 -2.52424 
-0.2232 -2.51878 
-0.224 -2.51336 
-0.2248 -2.50797 
-0.2256 -2.50262 
-0.2264 -2.4973 
-0.2272 -2.49201 
-0.228 -2.48676 
-0.2288 -2.48154 
-0.2296 -2.47635 
-0.2304 -2.47119 
-0.2312 -2.46606 
-0.232 -2.46097 
-0.2328 -2.4559 
-0.2336 -2.45087 
-0.2344 -2.44587 
-0.2352 -2.44089 
-0.236 -2.43595 
-0.2368 -2.43104 
-0.2376 -2.42616 
-0.2384 -2.4213 
-0.2392 -2.41648 
-0.24 -2.41168 
-0.2408 -2.40691 
-0.2416 -2.40217 
-0.2424 -2.39746 
-0.2432 -2.39278 
-0.244 -2.38812 
-0.2448 -2.38349 
-0.2456 -2.37889 
-0.2464 -2.37432 
-0.2472 -2.36977 
-0.248 -2.36525 
-0.2488 -2.36075 
-0.2496 -2.35628 
-0.2504 -2.35184 
-0.2512 -2.34742 
-0.252 -2.34303 
-0.2528 -2.33866 
-0.2536 -2.33432 
-0.2544 -2.33 
-0.2552 -2.32571 
-0.256 -2.32144 
-0.2568 -2.3172 
-0.2576 -2.31298 
-0.2584 -2.30878 
-0.2592 -2.30461 
-0.26 -2.30045 
-0.2608 -2.29633 
-0.2616 -2.29222 
-0.2624 -2.28814 
-0.2632 -2.28408 
-0.264 -2.28005 
-0.2648 -2.27603 
-0.2656 -2.27204 
-0.2664 -2.26807 
-0.2672 -2.26412 
-0.268 -2.26019 
-0.2688 -2.25628 
-0.2696 -2.2524 
-0.2704 -2.24853 
-0.2712 -2.24469 
-0.272 -2.24087 
-0.2728 -2.23707 
-0.2736 -2.23328 
-0.2744 -2.22952 
-0.2752 -2.22578 
-0.276 -2.22205 
-0.2768 -2.21835 
-0.2776 -2.21467 
-0.2784 -2.211 
-0.2792 -2.20736 
-0.28 -2.20373 
-0.2808 -2.20012 
-0.2816 -2.19653 
-0.2824 -2.19296 
-0.2832 -2.18941 
-0.284 -2.18587 
-0.2848 -2.18236 
-0.2856 -2.17886 
-0.2864 -2.17538 
-0.2872 -2.17192 
-0.288 -2.16847 
-0.2888 -2.16504 
-0.2896 -2.16163 
-0.2904 -2.15824 
-0.2912 -2.15486 
-0.292 -2.1515 
-0.2928 -2.14816 
-0.2936 -2.14483 
-0.2944 -2.14152 
-0.2952 -2.13822 
-0.296 -2.13494 
-0.2968 -2.13168 
-0.2976 -2.12843 
-0.2984 -2.1252 
-0.2992 -2.12199 
-0.3 -2.11879 
-0.3008 -2.1156 
-0.3016 -2.11243 
-0.3024 -2.10928 
-0.3032 -2.10614 
-0.304 -2.10301 
-0.3048 -2.09991 
-0.3056 -2.09681 
-0.3064 -2.09373 
-0.3072 -2.09066 
-0.308 -2.08761 
-0.3088 -2.08457 
-0.3096 -2.08155 
-0.3104 -2.07854 
-0.3112 -2.07555 
-0.312 -2.07256 
-0.3128 -2.0696 
-0.3136 -2.06664 
-0.3144 -2.0637 
-0.3152 -2.06077 
-0.316 -2.05786 
-0.3168 -2.05496 
-0.3176 -2.05207 
-0.3184 -2.04919 
-0.3192 -2.04633 
-0.32 -2.04348 
-0.3208 -2.04065 
-0.3216 -2.03782 
-0.3224 -2.03501 
-0.3232 -2.03221 
-0.324 -2.02942 
-0.3248 -2.02665 
-0.3256 -2.02388 
-0.3264 -2.02113 
-0.3272 -2.0184 
-0.328 -2.01567 
-0.3288 -2.01295 
-0.3296 -2.01025 
-0.3304 -2.00756 
-0.3312 -2.00488 
-0.332 -2.00221 
-0.3328 -1.99955 
-0.3336 -1.9969 
-0.3344 -1.99427 
-0.3352 -1.99165 
-0.336 -1.98903 
-0.3368 -1.98643 
-0.3376 -1.98384 
-0.3384 -1.98126 
-0.3392 -1.97869 
-0.34 -1.97613 
-0.3408 -1.97358 
-0.3416 -1.97104 
-0.3424 -1.96852 
-0.3432 -1.966 
-0.344 -1.96349 
-0.3448 -1.961 
-0.3456 -1.95851 
-0.3464 -1.95603 
-0.3472 -1.95357 
-0.348 -1.95111 
-0.3488 -1.94866 
-0.3496 -1.94623 
-0.3504 -1.9438 
-0.3512 -1.94138 
-0.352 -1.93897 
-0.3528 -1.93658 
-0.3536 -1.93419 
-0.3544 -1.93181 
-0.3552 -1.92944 
-0.356 -1.92708 
-0.3568 -1.92472 
-0.3576 -1.92238 
-0.3584 -1.92005 
-0.3592 -1.91772 
-0.36 -1.91541 
-0.3608 -1.9131 
-0.3616 -1.9108 
-0.3624 -1.90852 
-0.3632 -1.90624 
-0.364 -1.90396 
-0.3648 -1.9017 
-0.3656 -1.89945 
-0.3664 -1.8972 
-0.3672 -1.89496 
-0.368 -1.89273 
-0.3688 -1.89051 
-0.3696 -1.8883 
-0.3704 -1.8861 
-0.3712 -1.8839 
-0.372 -1.88171 
-0.3728 -1.87953 
-0.3736 -1.87736 
-0.3744 -1.8752 
-0.3752 -1.87304 
-0.376 -1.87089 
-0.3768 -1.86875 
-0.3776 -1.86662 
-0.3784 -1.8645 
-0.3792 -1.86238 
-0.38 -1.86027 
-0.3808 -1.85817 
-0.3816 -1.85607 
-0.3824 -1.85399 
-0.3832 -1.85191 
-0.384 -1.84984 
-0.3848 -1.84777 
-0.3856 -1.84571 
-0.3864 -1.84366 
-0.3872 -1.84162 
-0.388 -1.83958 
-0.3888 -1.83756 
-0.3896 -1.83553 
-0.3904 -1.83352 
-0.3912 -1.83151 
-0.392 -1.82951 
-0.3928 -1.82752 
-0.3936 -1.82553 
-0.3944 -1.82355 
-0.3952 -1.82158 
-0.396 -1.81961 
-0.3968 -1.81765 
-0.3976 -1.8157 
-0.3984 -1.81375 
-0.3992 -1.81181 
-0.4 -1.80988 
-0.4008 -1.80795 
-0.4016 -1.80603 
-0.4024 -1.80412 
-0.4032 -1.80221 
-0.404 -1.80031 
-0.4048 -1.79842 
-0.4056 -1.79653 
-0.4064 -1.79465 
-0.4072 -1.79277 
-0.408 -1.7909 
-0.4088 -1.78904 
-0.4096 -1.78718 
-0.4104 -1.78533 
-0.4112 -1.78348 
-0.412 -1.78164 
-0.4128 -1.77981 
-0.4136 -1.77798 
-0.4144 -1.77616 
-0.4152 -1.77434 
-0.416 -1.77253 
-0.4168 -1.77073 
-0.4176 -1.76893 
-0.4184 -1.76714 
-0.4192 -1.76535 
-0.42 -1.76357 
-0.4208 -1.76179 
-0.4216 -1.76002 
-0.4224 -1.75826 
-0.4232 -1.7565 
-0.424 -1.75475 
-0.4248 -1.753 
-0.4256 -1.75126 
-0.4264 -1.74952 
-0.4272 -1.74779 
-0.428 -1.74606 
-0.4288 -1.74434 
-0.4296 -1.74263 
-0.4304 -1.74092 
-0.4312 -1.73921 
-0.432 -1.73751 
-0.4328 -1.73582 
-0.4336 -1.73413 
-0.4344 -1.73244 
-0.4352 -1.73076 
-0.436 -1.72909 
-0.4368 -1.72742 
-0.4376 -1.72576 
-0.4384 -1.7241 
-0.4392 -1.72244 
-0.44 -1.7208 
-0.4408 -1.71915 
-0.4416 -1.71751 
-0.4424 -1.71588 
-0.4432 -1.71425 
-0.444 -1.71262 
-0.4448 -1.711 
-0.4456 -1.70939 
-0.4464 -1.70778 
-0.4472 -1.70617 
-0.448 -1.70457 
-0.4488 -1.70298 
-0.4496 -1.70139 
-0.4504 -1.6998 
-0.4512 -1.69822 
-0.452 -1.69664 
-0.4528 -1.69507 
-0.4536 -1.6935 
-0.4544 -1.69193 
-0.4552 -1.69037 
-0.456 -1.68882 
-0.4568 -1.68727 
-0.4576 -1.68572 
-0.4584 -1.68418 
-0.4592 -1.68264 
-0.46 -1.68111 
-0.4608 -1.67958 
-0.4616 -1.67806 
-0.4624 -1.67654 
-0.4632 -1.67502 
-0.464 -1.67351 
-0.4648 -1.672 
-0.4656 -1.6705 
-0.4664 -1.669 
-0.4672 -1.66751 
-0.468 -1.66602 
-0.4688 -1.66453 
-0.4696 -1.66305 
-0.4704 -1.66157 
-0.4712 -1.6601 
-0.472 -1.65863 
-0.4728 -1.65716 
-0.4736 -1.6557 
-0.4744 -1.65424 
-0.4752 -1.65279 
-0.476 -1.65134 
-0.4768 -1.64989 
-0.4776 -1.64845 
-0.4784 -1.64701 
-0.4792 -1.64558 
-0.48 -1.64415 
-0.4808 -1.64272 
-0.4816 -1.6413 
-0.4824 -1.63988 
-0.4832 -1.63846 
-0.484 -1.63705 
-0.4848 -1.63565 
-0.4856 -1.63424 
-0.4864 -1.63284 
-0.4872 -1.63145 
-0.488 -1.63005 
-0.4888 -1.62866 
-0.4896 -1.62728 
-0.4904 -1.6259 
-0.4912 -1.62452 
-0.492 -1.62315 
-0.4928 -1.62177 
-0.4936 -1.62041 
-0.4944 -1.61904 
-0.4952 -1.61768 
-0.496 -1.61633 
-0.4968 -1.61497 
-0.4976 -1.61362 
-0.4984 -1.61228 
-0.4992 -1.61094 
-0.5 -1.6096 
-0.5008 -1.60826 
-0.5016 -1.60693 
-0.5024 -1.6056 
-0.5032 -1.60427 
-0.504 -1.60295 
-0.5048 -1.60163 
-0.5056 -1.60032 
-0.5064 -1.59901 
-0.5072 -1.5977 
-0.508 -1.59639 
-0.5088 -1.59509 
-0.5096 -1.59379 
-0.5104 -1.5925 
-0.5112 -1.5912 
-0.512 -1.58991 
-0.5128 -1.58863 
-0.5136 -1.58735 
-0.5144 -1.58607 
-0.5152 -1.58479 
-0.516 -1.58352 
-0.5168 -1.58225 
-0.5176 -1.58098 
-0.5184 -1.57972 
-0.5192 -1.57846 
-0.52 -1.5772 
-0.5208 -1.57594 
-0.5216 -1.57469 
-0.5224 -1.57344 
-0.5232 -1.5722 
-0.524 -1.57096 
-0.5248 -1.56972 
-0.5256 -1.56848 
-0.5264 -1.56725 
-0.5272 -1.56602 
-0.528 -1.56479 
-0.5288 -1.56357 
-0.5296 -1.56234 
-0.5304 -1.56113 
-0.5312 -1.55991 
-0.532 -1.5587 
-0.5328 -1.55749 
-0.5336 -1.55628 
-0.5344 -1.55508 
-0.5352 -1.55388 
-0.536 -1.55268 
-0.5368 -1.55148 
-0.5376 -1.55029 
-0.5384 -1.5491 
-0.5392 -1.54791 
-0.54 -1.54673 
-0.5408 -1.54555 
-0.5416 -1.54437 
-0.5424 -1.54319 
-0.5432 -1.54202 
-0.544 -1.54085 
-0.5448 -1.53968 
-0.5456 -1.53852 
-0.5464 -1.53736 
-0.5472 -1.5362 
-0.548 -1.53504 
-0.5488 -1.53389 
-0.5496 -1.53273 
-0.5504 -1.53159 
-0.5512 -1.53044 
-0.552 -1.5293 
-0.5528 -1.52816 
-0.5536 -1.52702 
-0.5544 -1.52588 
-0.5552 -1.52475 
-0.556 -1.52362 
-0.5568 -1.52249 
-0.5576 -1.52136 
-0.5584 -1.52024 
-0.5592 -1.51912 
-0.56 -1.518 
-0.5608 -1.51689 
-0.5616 -1.51578 
-0.5624 -1.51467 
-0.5632 -1.51356 
-0.564 -1.51245 
-0.5648 -1.51135 
-0.5656 -1.51025 
-0.5664 -1.50915 
-0.5672 -1.50806 
-0.568 -1.50696 
-0.5688 -1.50587 
-0.5696 -1.50478 
-0.5704 -1.5037 
-0.5712 -1.50261 
-0.572 -1.50153 
-0.5728 -1.50046 
-0.5736 -1.49938 
-0.5744 -1.49831 
-0.5752 -1.49723 
-0.576 -1.49616 
-0.5768 -1.4951 
-0.5776 -1.49403 
-0.5784 -1.49297 
-0.5792 -1.49191 
-0.58 -1.49085 
-0.5808 -1.4898 
-0.5816 -1.48875 
-0.5824 -1.48769 
-0.5832 -1.48665 
-0.584 -1.4856 
-0.5848 -1.48456 
-0.5856 -1.48351 
-0.5864 -1.48248 
-0.5872 -1.48144 
-0.588 -1.4804 
-0.5888 -1.47937 
-0.5896 -1.47834 
-0.5904 -1.47731 
-0.5912 -1.47628 
-0.592 -1.47526 
-0.5928 -1.47424 
-0.5936 -1.47322 
-0.5944 -1.4722 
-0.5952 -1.47119 
-0.596 -1.47017 
-0.5968 -1.46916 
-0.5976 -1.46815 
-0.5984 -1.46715 
-0.5992 -1.46614 
-0.6 -1.46514 
-0.6008 -1.46414 
-0.6016 -1.46314 
-0.6024 -1.46214 
-0.6032 -1.46115 
-0.604 -1.46016 
-0.6048 -1.45917 
-0.6056 -1.45818 
-0.6064 -1.45719 
-0.6072 -1.45621 
-0.608 -1.45523 
-0.6088 -1.45425 
-0.6096 -1.45327 
-0.6104 -1.45229 
-0.6112 -1.45132 
-0.612 -1.45035 
-0.6128 -1.44938 
-0.6136 -1.44841 
-0.6144 -1.44744 
-0.6152 -1.44648 
-0.616 -1.44551 
-0.6168 -1.44455 
-0.6176 -1.4436 
-0.6184 -1.44264 
-0.6192 -1.44169 
-0.62 -1.44073 
-0.6208 -1.43978 
-0.6216 -1.43883 
-0.6224 -1.43789 
-0.6232 -1.43694 
-0.624 -1.436 
-0.6248 -1.43506 
-0.6256 -1.43412 
-0.6264 -1.43318 
-0.6272 -1.43225 
-0.628 -1.43131 
-0.6288 -1.43038 
-0.6296 -1.42945 
-0.6304 -1.42852 
-0.6312 -1.4276 
-0.632 -1.42667 
-0.6328 -1.42575 
-0.6336 -1.42483 
-0.6344 -1.42391 
-0.6352 -1.42299 
-0.636 -1.42208 
-0.6368 -1.42116 
-0.6376 -1.42025 
-0.6384 -1.41934 
-0.6392 -1.41843 
-0.64 -1.41753 
-0.6408 -1.41662 
-0.6416 -1.41572 
-0.6424 -1.41482 
-0.6432 -1.41392 
-0.644 -1.41302 
-0.6448 -1.41213 
-0.6456 -1.41123 
-0.6464 -1.41034 
-0.6472 -1.40945 
-0.648 -1.40856 
-0.6488 -1.40767 
-0.6496 -1.40679 
-0.6504 -1.4059 
-0.6512 -1.40502 
-0.652 -1.40414 
-0.6528 -1.40326 
-0.6536 -1.40238 
-0.6544 -1.40151 
-0.6552 -1.40063 
-0.656 -1.39976 
-0.6568 -1.39889 
-0.6576 -1.39802 
-0.6584 -1.39716 
-0.6592 -1.39629 
-0.66 -1.39543 
-0.6608 -1.39456 
-0.6616 -1.3937 
-0.6624 -1.39284 
-0.6632 -1.39199 
-0.664 -1.39113 
-0.6648 -1.39028 
-0.6656 -1.38942 
-0.6664 -1.38857 
-0.6672 -1.38772 
-0.668 -1.38687 
-0.6688 -1.38603 
-0.6696 -1.38518 
-0.6704 -1.38434 
-0.6712 -1.3835 
-0.672 -1.38266 
-0.6728 -1.38182 
-0.6736 -1.38098 
-0.6744 -1.38015 
-0.6752 -1.37931 
-0.676 -1.37848 
-0.6768 -1.37765 
-0.6776 -1.37682 
-0.6784 -1.37599 
-0.6792 -1.37516 
-0.68 -1.37434 
-0.6808 -1.37352 
-0.6816 -1.37269 
-0.6824 -1.37187 
-0.6832 -1.37106 
-0.684 -1.37024 
-0.6848 -1.36942 
-0.6856 -1.36861 
-0.6864 -1.36779 
-0.6872 -1.36698 
-0.688 -1.36617 
-0.6888 -1.36536 
-0.6896 -1.36456 
-0.6904 -1.36375 
-0.6912 -1.36295 
-0.692 -1.36214 
-0.6928 -1.36134 
-0.6936 -1.36054 
-0.6944 -1.35974 
-0.6952 -1.35895 
-0.696 -1.35815 
-0.6968 -1.35736 
-0.6976 -1.35656 
-0.6984 -1.35577 
-0.6992 -1.35498 
-0.7 -1.35419 
-0.7008 -1.35341 
-0.7016 -1.35262 
-0.7024 -1.35184 
-0.7032 -1.35105 
-0.704 -1.35027 
-0.7048 -1.34949 
-0.7056 -1.34871 
-0.7064 -1.34794 
-0.7072 -1.34716 
-0.708 -1.34638 
-0.7088 -1.34561 
-0.7096 -1.34484 
-0.7104 -1.34407 
-0.7112 -1.3433 
-0.712 -1.34253 
-0.7128 -1.34176 
-0.7136 -1.341 
-0.7144 -1.34023 
-0.7152 -1.33947 
-0.716 -1.33871 
-0.7168 -1.33795 
-0.7176 -1.33719 
-0.7184 -1.33643 
-0.7192 -1.33568 
-0.72 -1.33492 
-0.7208 -1.33417 
-0.7216 -1.33341 
-0.7224 -1.33266 
-0.7232 -1.33191 
-0.724 -1.33117 
-0.7248 -1.33042 
-0.7256 -1.32967 
-0.7264 -1.32893 
-0.7272 -1.32818 
-0.728 -1.32744 
-0.7288 -1.3267 
-0.7296 -1.32596 
-0.7304 -1.32522 
-0.7312 -1.32448 
-0.732 -1.32375 
-0.7328 -1.32301 
-0.7336 -1.32228 
-0.7344 -1.32155 
-0.7352 -1.32082 
-0.736 -1.32009 
-0.7368 -1.31936 
-0.7376 -1.31863 
-0.7384 -1.31791 
-0.7392 -1.31718 
-0.74 -1.31646 
-0.7408 -1.31573 
-0.7416 -1.31501 
-0.7424 -1.31429 
-0.7432 -1.31357 
-0.744 -1.31286 
-0.7448 -1.31214 
-0.7456 -1.31142 
-0.7464 -1.31071 
-0.7472 -1.31 
-0.748 -1.30928 
-0.7488 -1.30857 
-0.7496 -1.30786 
-0.7504 -1.30716 
-0.7512 -1.30645 
-0.752 -1.30574 
-0.7528 -1.30504 
-0.7536 -1.30433 
-0.7544 -1.30363 
-0.7552 -1.30293 
-0.756 -1.30223 
-0.7568 -1.30153 
-0.7576 -1.30083 
-0.7584 -1.30014 
-0.7592 -1.29944 
-0.76 -1.29875 
-0.7608 -1.29805 
-0.7616 -1.29736 
-0.7624 -1.29667 
-0.7632 -1.29598 
-0.764 -1.29529 
-0.7648 -1.2946 
-0.7656 -1.29392 
-0.7664 -1.29323 
-0.7672 -1.29254 
-0.768 -1.29186 
-0.7688 -1.29118 
-0.7696 -1.2905 
-0.7704 -1.28982 
-0.7712 -1.28914 
-0.772 -1.28846 
-0.7728 -1.28778 
-0.7736 -1.28711 
-0.7744 -1.28643 
-0.7752 -1.28576 
-0.776 -1.28509 
-0.7768 -1.28441 
-0.7776 -1.28374 
-0.7784 -1.28307 
-0.7792 -1.28241 
-0.78 -1.28174 
-0.7808 -1.28107 
-0.7816 -1.28041 
-0.7824 -1.27974 
-0.7832 -1.27908 
-0.784 -1.27842 
-0.7848 -1.27776 
-0.7856 -1.2771 
-0.7864 -1.27644 
-0.7872 -1.27578 
-0.788 -1.27512 
-0.7888 -1.27447 
-0.7896 -1.27381 
-0.7904 -1.27316 
-0.7912 -1.2725 
-0.792 -1.27185 
-0.7928 -1.2712 
-0.7936 -1.27055 
-0.7944 -1.2699 
-0.7952 -1.26925 
-0.796 -1.26861 
-0.7968 -1.26796 
-0.7976 -1.26732 
-0.7984 -1.26667 
-0.7992 -1.26603 
-0.8 -1.26539 
-0.7992 -1.26475 
-0.7984 -1.26411 
-0.7976 -1.26347 
-0.7968 -1.26283 
-0.796 -1.26219 
-0.7952 -1.26156 
-0.7944 -1.26092 
-0.7936 -1.26029 
-0.7928 -1.25965 
-0.792 -1.25902 
-0.7912 -1.25839 
-0.7904 -1.25776 
-0.7896 -1.25713 
-0.7888 -1.2565 
-0.788 -1.25588 
-0.7872 -1.25525 
-0.7864 -1.25462 
-0.7856 -1.254 
-0.7848 -1.25338 
-0.784 -1.25275 
-0.7832 -1.25213 
-0.7824 -1.25151 
-0.7816 -1.25089 
-0.7808 -1.25027 
-0.78 -1.24965 
-0.7792 -1.24904 
-0.7784 -1.24842 
-0.7776 -1.2478 
-0.7768 -1.24719 
-0.776 -1.24658 
-0.7752 -1.24596 
-0.7744 -1.24535 
-0.7736 -1.24474 
-0.7728 -1.24413 
-0.772 -1.24352 
-0.7712 -1.24292 
-0.7704 -1.24231 
-0.7696 -1.2417 
-0.7688 -1.2411 
-0.768 -1.24049 
-0.7672 -1.23989 
-0.7664 -1.23929 
-0.7656 -1.23868 
-0.7648 -1.23808 
-0.764 -1.23748 
-0.7632 -1.23688 
-0.7624 -1.23629 
-0.7616 -1.23569 
-0.7608 -1.23509 
-0.76 -1.2345 
-0.7592 -1.2339 
-0.7584 -1.23331 
-0.7576 -1.23271 
-0.7568 -1.23212 
-0.756 -1.23153 
-0.7552 -1.23094 
-0.7544 -1.23035 
-0.7536 -1.22976 
-0.7528 -1.22917 
-0.752 -1.22859 
-0.7512 -1.228 
-0.7504 -1.22742 
-0.7496 -1.22683 
-0.7488 -1.22625 
-0.748 -1.22567 
-0.7472 -1.22508 
-0.7464 -1.2245 
-0.7456 -1.22392 
-0.7448 -1.22334 
-0.744 -1.22276 
-0.7432 -1.22219 
-0.7424 -1.22161 
-0.7416 -1.22103 
-0.7408 -1.22046 
-0.74 -1.21988 
-0.7392 -1.21931 
-0.7384 -1.21874 
-0.7376 -1.21816 
-0.7368 -1.21759 
-0.736 -1.21702 
-0.7352 -1.21645 
-0.7344 -1.21588 
-0.7336 -1.21532 
-0.7328 -1.21475 
-0.732 -1.21418 
-0.7312 -1.21362 
-0.7304 -1.21305 
-0.7296 -1.21249 
-0.7288 -1.21192 
-0.728 -1.21136 
-0.7272 -1.2108 
-0.7264 -1.21024 
-0.7256 -1.20968 
-0.7248 -1.20912 
-0.724 -1.20856 
-0.7232 -1.208 
-0.7224 -1.20745 
-0.7216 -1.20689 
-0.7208 -1.20633 
-0.72 -1.20578 
-0.7192 -1.20523 
-0.7184 -1.20467 
-0.7176 -1.20412 
-0.7168 -1.20357 
-0.716 -1.20302 
-0.7152 -1.20247 
-0.7144 -1.20192 
-0.7136 -1.20137 
-0.7128 -1.20082 
-0.712 -1.20027 
-0.7112 -1.19973 
-0.7104 -1.19918 
-0.7096 -1.19864 
-0.7088 -1.19809 
-0.708 -1.19755 
-0.7072 -1.19701 
-0.7064 -1.19647 
-0.7056 -1.19592 
-0.7048 -1.19538 
-0.704 -1.19484 
-0.7032 -1.19431 
-0.7024 -1.19377 
-0.7016 -1.19323 
-0.7008 -1.19269 
-0.7 -1.19216 
-0.6992 -1.19162 
-0.6984 -1.19109 
-0.6976 -1.19055 
-0.6968 -1.19002 
-0.696 -1.18949 
-0.6952 -1.18896 
-0.6944 -1.18843 
-0.6936 -1.1879 
-0.6928 -1.18737 
-0.692 -1.18684 
-0.6912 -1.18631 
-0.6904 -1.18578 
-0.6896 -1.18526 
-0.6888 -1.18473 
-0.688 -1.1842 
-0.6872 -1.18368 
-0.6864 -1.18316 
-0.6856 -1.18263 
-0.6848 -1.18211 
-0.684 -1.18159 
-0.6832 -1.18107 
-0.6824 -1.18055 
-0.6816 -1.18003 
-0.6808 -1.17951 
-0.68 -1.17899 
-0.6792 -1.17847 
-0.6784 -1.17796 
-0.6776 -1.17744 
-0.6768 -1.17692 
-0.676 -1.17641 
-0.6752 -1.17589 
-0.6744 -1.17538 
-0.6736 -1.17487 
-0.6728 -1.17436 
-0.672 -1.17384 
-0.6712 -1.17333 
-0.6704 -1.17282 
-0.6696 -1.17231 
-0.6688 -1.17181 
-0.668 -1.1713 
-0.6672 -1.17079 
-0.6664 -1.17028 
-0.6656 -1.16978 
-0.6648 -1.16927 
-0.664 -1.16877 
-0.6632 -1.16826 
-0.6624 -1.16776 
-0.6616 -1.16726 
-0.6608 -1.16675 
-0.66 -1.16625 
-0.6592 -1.16575 
-0.6584 -1.16525 
-0.6576 -1.16475 
-0.6568 -1.16425 
-0.656 -1.16375 
-0.6552 -1.16326 
-0.6544 -1.16276 
-0.6536 -1.16226 
-0.6528 -1.16177 
-0.652 -1.16127 
-0.6512 -1.16078 
-0.6504 -1.16028 
-0.6496 -1.15979 
-0.6488 -1.1593 
-0.648 -1.15881 
-0.6472 -1.15831 
-0.6464 -1.15782 
-0.6456 -1.15733 
-0.6448 -1.15684 
-0.644 -1.15636 
-0.6432 -1.15587 
-0.6424 -1.15538 
-0.6416 -1.15489 
-0.6408 -1.15441 
-0.64 -1.15392 
-0.6392 -1.15344 
-0.6384 -1.15295 
-0.6376 -1.15247 
-0.6368 -1.15198 
-0.636 -1.1515 
-0.6352 -1.15102 
-0.6344 -1.15054 
-0.6336 -1.15006 
-0.6328 -1.14958 
-0.632 -1.1491 
-0.6312 -1.14862 
-0.6304 -1.14814 
-0.6296 -1.14766 
-0.6288 -1.14718 
-0.628 -1.14671 
-0.6272 -1.14623 
-0.6264 -1.14576 
-0.6256 -1.14528 
-0.6248 -1.14481 
-0.624 -1.14433 
-0.6232 -1.14386 
-0.6224 -1.14339 
-0.6216 -1.14292 
-0.6208 -1.14244 
-0.62 -1.14197 
-0.6192 -1.1415 
-0.6184 -1.14103 
-0.6176 -1.14057 
-0.6168 -1.1401 
-0.616 -1.13963 
-0.6152 -1.13916 
-0.6144 -1.1387 
-0.6136 -1.13823 
-0.6128 -1.13776 
-0.612 -1.1373 
-0.6112 -1.13683 
-0.6104 -1.13637 
-0.6096 -1.13591 
-0.6088 -1.13544 
-0.608 -1.13498 
-0.6072 -1.13452 
-0.6064 -1.13406 
-0.6056 -1.1336 
-0.6048 -1.13314 
-0.604 -1.13268 
-0.6032 -1.13222 
-0.6024 -1.13176 
-0.6016 -1.13131 
-0.6008 -1.13085 
-0.6 -1.13039 
-0.5992 -1.12994 
-0.5984 -1.12948 
-0.5976 -1.12903 
-0.5968 -1.12857 
-0.596 -1.12812 
-0.5952 -1.12766 
-0.5944 -1.12721 
-0.5936 -1.12676 
-0.5928 -1.12631 
-0.592 -1.12586 
-0.5912 -1.12541 
-0.5904 -1.12496 
-0.5896 -1.12451 
-0.5888 -1.12406 
-0.588 -1.12361 
-0.5872 -1.12316 
-0.5864 -1.12272 
-0.5856 -1.12227 
-0.5848 -1.12182 
-0.584 -1.12138 
-0.5832 -1.12093 
-0.5824 -1.12049 
-0.5816 -1.12004 
-0.5808 -1.1196 
-0.58 -1.11916 
-0.5792 -1.11871 
-0.5784 -1.11827 
-0.5776 -1.11783 
-0.5768 -1.11739 
-0.576 -1.11695 
-0.5752 -1.11651 
-0.5744 -1.11607 
-0.5736 -1.11563 
-0.5728 -1.11519 
-0.572 -1.11476 
-0.5712 -1.11432 
-0.5704 -1.11388 
-0.5696 -1.11345 
-0.5688 -1.11301 
-0.568 -1.11257 
-0.5672 -1.11214 
-0.5664 -1.11171 
-0.5656 -1.11127 
-0.5648 -1.11084 
-0.564 -1.11041 
-0.5632 -1.10997 
-0.5624 -1.10954 
-0.5616 -1.10911 
-0.5608 -1.10868 
-0.56 -1.10825 
-0.5592 -1.10782 
-0.5584 -1.10739 
-0.5576 -1.10696 
-0.5568 -1.10653 
-0.556 -1.10611 
-0.5552 -1.10568 
-0.5544 -1.10525 
-0.5536 -1.10483 
-0.5528 -1.1044 
-0.552 -1.10398 
-0.5512 -1.10355 
-0.5504 -1.10313 
-0.5496 -1.1027 
-0.5488 -1.10228 
-0.548 -1.10186 
-0.5472 -1.10143 
-0.5464 -1.10101 
-0.5456 -1.10059 
-0.5448 -1.10017 
-0.544 -1.09975 
-0.5432 -1.09933 
-0.5424 -1.09891 
-0.5416 -1.09849 
-0.5408 -1.09807 
-0.54 -1.09765 
-0.5392 -1.09724 
-0.5384 -1.09682 
-0.5376 -1.0964 
-0.5368 -1.09599 
-0.536 -1.09557 
-0.5352 -1.09516 
-0.5344 -1.09474 
-0.5336 -1.09433 
-0.5328 -1.09391 
-0.532 -1.0935 
-0.5312 -1.09309 
-0.5304 -1.09267 
-0.5296 -1.09226 
-0.5288 -1.09185 
-0.528 -1.09144 
-0.5272 -1.09103 
-0.5264 -1.09062 
-0.5256 -1.09021 
-0.5248 -1.0898 
-0.524 -1.08939 
-0.5232 -1.08898 
-0.5224 -1.08858 
-0.5216 -1.08817 
-0.5208 -1.08776 
-0.52 -1.08735 
-0.5192 -1.08695 
-0.5184 -1.08654 
-0.5176 -1.08614 
-0.5168 -1.08573 
-0.516 -1.08533 
-0.5152 -1.08492 
-0.5144 -1.08452 
-0.5136 -1.08412 
-0.5128 -1.08372 
-0.512 -1.08331 
-0.5112 -1.08291 
-0.5104 -1.08251 
-0.5096 -1.08211 
-0.5088 -1.08171 
-0.508 -1.08131 
-0.5072 -1.08091 
-0.5064 -1.08051 
-0.5056 -1.08011 
-0.5048 -1.07971 
-0.504 -1.07932 
-0.5032 -1.07892 
-0.5024 -1.07852 
-0.5016 -1.07812 
-0.5008 -1.07773 
-0.5 -1.07733 
-0.4992 -1.07694 
-0.4984 -1.07654 
-0.4976 -1.07615 
-0.4968 -1.07575 
-0.496 -1.07536 
-0.4952 -1.07497 
-0.4944 -1.07457 
-0.4936 -1.07418 
-0.4928 -1.07379 
-0.492 -1.0734 
-0.4912 -1.07301 
-0.4904 -1.07262 
-0.4896 -1.07223 
-0.4888 -1.07184 
-0.488 -1.07145 
-0.4872 -1.07106 
-0.4864 -1.07067 
-0.4856 -1.07028 
-0.4848 -1.06989 
-0.484 -1.06951 
-0.4832 -1.06912 
-0.4824 -1.06873 
-0.4816 -1.06835 
-0.4808 -1.06796 
-0.48 -1.06757 
-0.4792 -1.06719 
-0.4784 -1.0668 
-0.4776 -1.06642 
-0.4768 -1.06604 
-0.476 -1.06565 
-0.4752 -1.06527 
-0.4744 -1.06489 
-0.4736 -1.0645 
-0.4728 -1.06412 
-0.472 -1.06374 
-0.4712 -1.06336 
-0.4704 -1.06298 
-0.4696 -1.0626 
-0.4688 -1.06222 
-0.468 -1.06184 
-0.4672 -1.06146 
-0.4664 -1.06108 
-0.4656 -1.0607 
-0.4648 -1.06032 
-0.464 -1.05994 
-0.4632 -1.05956 
-0.4624 -1.05919 
-0.4616 -1.05881 
-0.4608 -1.05843 
-0.46 -1.05806 
-0.4592 -1.05768 
-0.4584 -1.05731 
-0.4576 -1.05693 
-0.4568 -1.05656 
-0.456 -1.05618 
-0.4552 -1.05581 
-0.4544 -1.05543 
-0.4536 -1.05506 
-0.4528 -1.05469 
-0.452 -1.05431 
-0.4512 -1.05394 
-0.4504 -1.05357 
-0.4496 -1.0532 
-0.4488 -1.05283 
-0.448 -1.05246 
-0.4472 -1.05209 
-0.4464 -1.05172 
-0.4456 -1.05135 
-0.4448 -1.05098 
-0.444 -1.05061 
-0.4432 -1.05024 
-0.4424 -1.04987 
-0.4416 -1.0495 
-0.4408 -1.04913 
-0.44 -1.04876 
-0.4392 -1.0484 
-0.4384 -1.04803 
-0.4376 -1.04766 
-0.4368 -1.0473 
-0.436 -1.04693 
-0.4352 -1.04656 
-0.4344 -1.0462 
-0.4336 -1.04583 
-0.4328 -1.04547 
-0.432 -1.0451 
-0.4312 -1.04474 
-0.4304 -1.04437 
-0.4296 -1.04401 
-0.4288 -1.04365 
-0.428 -1.04328 
-0.4272 -1.04292 
-0.4264 -1.04256 
-0.4256 -1.04219 
-0.4248 -1.04183 
-0.424 -1.04147 
-0.4232 -1.04111 
-0.4224 -1.04075 
-0.4216 -1.04038 
-0.4208 -1.04002 
-0.42 -1.03966 
-0.4192 -1.0393 
-0.4184 -1.03894 
-0.4176 -1.03858 
-0.4168 -1.03822 
-0.416 -1.03786 
-0.4152 -1.0375 
-0.4144 -1.03715 
-0.4136 -1.03679 
-0.4128 -1.03643 
-0.412 -1.03607 
-0.4112 -1.03571 
-0.4104 -1.03535 
-0.4096 -1.035 
-0.4088 -1.03464 
-0.408 -1.03428 
-0.4072 -1.03392 
-0.4064 -1.03357 
-0.4056 -1.03321 
-0.4048 -1.03285 
-0.404 -1.0325 
-0.4032 -1.03214 
-0.4024 -1.03179 
-0.4016 -1.03143 
-0.4008 -1.03107 
-0.4 -1.03072 
-0.3992 -1.03036 
-0.3984 -1.03001 
-0.3976 -1.02965 
-0.3968 -1.0293 
-0.396 -1.02894 
-0.3952 -1.02859 
-0.3944 -1.02824 
-0.3936 -1.02788 
-0.3928 -1.02753 
-0.392 -1.02717 
-0.3912 -1.02682 
-0.3904 -1.02647 
-0.3896 -1.02611 
-0.3888 -1.02576 
-0.388 -1.0254 
-0.3872 -1.02505 
-0.3864 -1.0247 
-0.3856 -1.02434 
-0.3848 -1.02399 
-0.384 -1.02364 
-0.3832 -1.02329 
-0.3824 -1.02293 
-0.3816 -1.02258 
-0.3808 -1.02223 
-0.38 -1.02187 
-0.3792 -1.02152 
-0.3784 -1.02117 
-0.3776 -1.02082 
-0.3768 -1.02046 
-0.376 -1.02011 
-0.3752 -1.01976 
-0.3744 -1.01941 
-0.3736 -1.01905 
-0.3728 -1.0187 
-0.372 -1.01835 
-0.3712 -1.01799 
-0.3704 -1.01764 
-0.3696 -1.01729 
-0.3688 -1.01694 
-0.368 -1.01658 
-0.3672 -1.01623 
-0.3664 -1.01588 
-0.3656 -1.01552 
-0.3648 -1.01517 
-0.364 -1.01482 
-0.3632 -1.01446 
-0.3624 -1.01411 
-0.3616 -1.01375 
-0.3608 -1.0134 
-0.36 -1.01305 
-0.3592 -1.01269 
-0.3584 -1.01234 
-0.3576 -1.01198 
-0.3568 -1.01163 
-0.356 -1.01127 
-0.3552 -1.01092 
-0.3544 -1.01056 
-0.3536 -1.0102 
-0.3528 -1.00985 
-0.352 -1.00949 
-0.3512 -1.00913 
-0.3504 -1.00878 
-0.3496 -1.00842 
-0.3488 -1.00806 
-0.348 -1.0077 
-0.3472 -1.00735 
-0.3464 -1.00699 
-0.3456 -1.00663 
-0.3448 -1.00627 
-0.344 -1.00591 
-0.3432 -1.00555 
-0.3424 -1.00519 
-0.3416 -1.00483 
-0.3408 -1.00446 
-0.34 -1.0041 
-0.3392 -1.00374 
-0.3384 -1.00337 
-0.3376 -1.00301 
-0.3368 -1.00265 
-0.336 -1.00228 
-0.3352 -1.00192 
-0.3344 -1.00155 
-0.3336 -1.00118 
-0.3328 -1.00081 
-0.332 -1.00045 
-0.3312 -1.00008 
-0.3304 -0.999708 
-0.3296 -0.999338 
-0.3288 -0.998967 
-0.328 -0.998595 
-0.3272 -0.998222 
-0.3264 -0.997848 
-0.3256 -0.997474 
-0.3248 -0.997099 
-0.324 -0.996723 
-0.3232 -0.996346 
-0.3224 -0.995968 
-0.3216 -0.995589 
-0.3208 -0.995209 
-0.32 -0.994828 
-0.3192 -0.994446 
-0.3184 -0.994062 
-0.3176 -0.993678 
-0.3168 -0.993293 
-0.316 -0.992906 
-0.3152 -0.992519 
-0.3144 -0.99213 
-0.3136 -0.99174 
-0.3128 -0.991348 
-0.312 -0.990955 
-0.3112 -0.990561 
-0.3104 -0.990166 
-0.3096 -0.989769 
-0.3088 -0.989371 
-0.308 -0.988971 
-0.3072 -0.988569 
-0.3064 -0.988167 
-0.3056 -0.987762 
-0.3048 -0.987356 
-0.304 -0.986948 
-0.3032 -0.986539 
-0.3024 -0.986127 
-0.3016 -0.985714 
-0.3008 -0.985299 
-0.3 -0.984883 
-0.2992 -0.984464 
-0.2984 -0.984043 
-0.2976 -0.983621 
-0.2968 -0.983196 
-0.296 -0.982769 
-0.2952 -0.98234 
-0.2944 -0.981909 
-0.2936 -0.981475 
-0.2928 -0.98104 
-0.292 -0.980601 
-0.2912 -0.980161 
-0.2904 -0.979718 
-0.2896 -0.979272 
-0.2888 -0.978824 
-0.288 -0.978374 
-0.2872 -0.97792 
-0.2864 -0.977464 
-0.2856 -0.977005 
-0.2848 -0.976543 
-0.284 -0.976078 
-0.2832 -0.975611 
-0.2824 -0.97514 
-0.2816 -0.974666 
-0.2808 -0.974188 
-0.28 -0.973708 
-0.2792 -0.973224 
-0.2784 -0.972737 
-0.2776 -0.972246 
-0.2768 -0.971752 
-0.276 -0.971254 
-0.2752 -0.970752 
-0.2744 -0.970246 
-0.2736 -0.969737 
-0.2728 -0.969223 
-0.272 -0.968706 
-0.2712 -0.968184 
-0.2704 -0.967658 
-0.2696 -0.967128 
-0.2688 -0.966594 
-0.268 -0.966054 
-0.2672 -0.965511 
-0.2664 -0.964962 
-0.2656 -0.964409 
-0.2648 -0.963851 
-0.264 -0.963287 
-0.2632 -0.962719 
-0.2624 -0.962146 
-0.2616 -0.961567 
-0.2608 -0.960982 
-0.26 -0.960392 
-0.2592 -0.959797 
-0.2584 -0.959195 
-0.2576 -0.958588 
-0.2568 -0.957975 
-0.256 -0.957355 
-0.2552 -0.956729 
-0.2544 -0.956097 
-0.2536 -0.955458 
-0.2528 -0.954813 
-0.252 -0.95416 
-0.2512 -0.953501 
-0.2504 -0.952834 
-0.2496 -0.95216 
-0.2488 -0.951479 
-0.248 -0.95079 
-0.2472 -0.950094 
-0.2464 -0.949389 
-0.2456 -0.948677 
-0.2448 -0.947956 
-0.244 -0.947227 
-0.2432 -0.946489 
-0.2424 -0.945742 
-0.2416 -0.944987 
-0.2408 -0.944223 
-0.24 -0.943449 
-0.2392 -0.942665 
-0.2384 -0.941872 
-0.2376 -0.941069 
-0.2368 -0.940257 
-0.236 -0.939433 
-0.2352 -0.9386 
-0.2344 -0.937755 
-0.2336 -0.9369 
-0.2328 -0.936033 
-0.232 -0.935155 
-0.2312 -0.934266 
-0.2304 -0.933364 
-0.2296 -0.932451 
-0.2288 -0.931525 
-0.228 -0.930587 
-0.2272 -0.929636 
-0.2264 -0.928672 
-0.2256 -0.927694 
-0.2248 -0.926703 
-0.224 -0.925698 
-0.2232 -0.924678 
-0.2224 -0.923645 
-0.2216 -0.922596 
-0.2208 -0.921533 
-0.22 -0.920454 
-0.2192 -0.919359 
-0.2184 -0.918249 
-0.2176 -0.917122 
-0.2168 -0.915979 
-0.216 -0.914818 
-0.2152 -0.913641 
-0.2144 -0.912445 
-0.2136 -0.911232 
-0.2128 -0.910001 
-0.212 -0.90875 
-0.2112 -0.907481 
-0.2104 -0.906192 
-0.2096 -0.904884 
-0.2088 -0.903555 
-0.208 -0.902206 
-0.2072 -0.900835 
-0.2064 -0.899443 
-0.2056 -0.898029 
-0.2048 -0.896593 
-0.204 -0.895134 
-0.2032 -0.893652 
-0.2024 -0.892147 
-0.2016 -0.890617 
-0.2008 -0.889062 
-0.2 -0.887483 
-0.1992 -0.885878 
-0.1984 -0.884247 
-0.1976 -0.882589 
-0.1968 -0.880904 
-0.196 -0.879192 
-0.1952 -0.877451 
-0.1944 -0.875682 
-0.1936 -0.873884 
-0.1928 -0.872055 
-0.192 -0.870197 
-0.1912 -0.868307 
-0.1904 -0.866386 
-0.1896 -0.864432 
-0.1888 -0.862446 
-0.188 -0.860426 
-0.1872 -0.858372 
-0.1864 -0.856283 
-0.1856 -0.854159 
-0.1848 -0.851999 
-0.184 -0.849802 
-0.1832 -0.847567 
-0.1824 -0.845295 
-0.1816 -0.842983 
-0.1808 -0.840632 
-0.18 -0.83824 
-0.1792 -0.835807 
-0.1784 -0.833331 
-0.1776 -0.830814 
-0.1768 -0.828252 
-0.176 -0.825646 
-0.1752 -0.822995 
-0.1744 -0.820297 
-0.1736 -0.817553 
-0.1728 -0.814761 
-0.172 -0.81192 
-0.1712 -0.809029 
-0.1704 -0.806088 
-0.1696 -0.803095 
-0.1688 -0.80005 
-0.168 -0.796951 
-0.1672 -0.793797 
-0.1664 -0.790589 
-0.1656 -0.787323 
-0.1648 -0.784 
-0.164 -0.780619 
-0.1632 -0.777178 
-0.1624 -0.773676 
-0.1616 -0.770112 
-0.1608 -0.766485 
-0.16 -0.762794 
-0.1592 -0.759038 
-0.1584 -0.755215 
-0.1576 -0.751324 
-0.1568 -0.747365 
-0.156 -0.743335 
-0.1552 -0.739234 
-0.1544 -0.73506 
-0.1536 -0.730812 
-0.1528 -0.726489 
-0.152 -0.722089 
-0.1512 -0.717612 
-0.1504 -0.713055 
-0.1496 -0.708417 
-0.1488 -0.703697 
-0.148 -0.698893 
-0.1472 -0.694005 
-0.1464 -0.689029 
-0.1456 -0.683966 
-0.1448 -0.678813 
-0.144 -0.67357 
-0.1432 -0.668233 
-0.1424 -0.662802 
-0.1416 -0.657276 
-0.1408 -0.651652 
-0.14 -0.645929 
-0.1392 -0.640106 
-0.1384 -0.63418 
-0.1376 -0.628149 
-0.1368 -0.622013 
-0.136 -0.61577 
-0.1352 -0.609417 
-0.1344 -0.602953 
-0.1336 -0.596377 
-0.1328 -0.589685 
-0.132 -0.582877 
-0.1312 -0.575951 
-0.1304 -0.568904 
-0.1296 -0.561735 
-0.1288 -0.554442 
-0.128 -0.547023 
-0.1272 -0.539475 
-0.1264 -0.531798 
-0.1256 -0.523989 
-0.1248 -0.516046 
-0.124 -0.507967 
-0.1232 -0.49975 
-0.1224 -0.491393 
-0.1216 -0.482893 
-0.1208 -0.47425 
-0.12 -0.46546 
-0.1192 -0.456521 
-0.1184 -0.447432 
-0.1176 -0.43819 
-0.1168 -0.428793 
-0.116 -0.419239 
-0.1152 -0.409526 
-0.1144 -0.399652 
-0.1136 -0.389613 
-0.1128 -0.379409 
-0.112 -0.369037 
-0.1112 -0.358495 
-0.1104 -0.34778 
-0.1096 -0.336891 
-0.1088 -0.325824 
-0.108 -0.314579 
-0.1072 -0.303152 
-0.1064 -0.291542 
-0.1056 -0.279746 
-0.1048 -0.267762 
-0.104 -0.255587 
-0.1032 -0.24322 
-0.1024 -0.230659 
-0.1016 -0.217901 
-0.1008 -0.204944 
-0.1 -0.191786 
-0.0992 -0.178424 
-0.0984 -0.164858 
-0.0976 -0.151084 
-0.0968 -0.1371 
-0.096 -0.122905 
-0.0952 -0.108496 
-0.0944 -0.0938712 
-0.0936 -0.0790291 
-0.0928 -0.0639676 
-0.092 -0.0486846 
-0.0912 -0.0331784 
-0.0904 -0.0174471 
-0.0896 -0.00148901 
-0.0888 0.0146977 
-0.088 0.0311147 
-0.0872 0.0477636 
-0.0864 0.0646459 
-0.0856 0.0817633 
-0.0848 0.0991171 
-0.084 0.116709 
-0.0832 0.13454 
-0.0824 0.152611 
-0.0816 0.170924 
-0.0808 0.189479 
-0.08 0.208279 
-0.0792 0.227323 
-0.0784 0.246612 
-0.0776 0.266148 
-0.0768 0.285931 
-0.076 0.305962 
-0.0752 0.326241 
-0.0744 0.346768 
-0.0736 0.367544 
-0.0728 0.388569 
-0.072 0.409843 
-0.0712 0.431366 
-0.0704 0.453138 
-0.0696 0.475158 
-0.0688 0.497426 
-0.068 0.519941 
-0.0672 0.542703 
-0.0664 0.565711 
-0.0656 0.588964 
-0.0648 0.612461 
-0.064 0.6362 
-0.0632 0.660179 
-0.0624 0.684399 
-0.0616 0.708856 
-0.0608 0.733549 
-0.06 0.758475 
-0.0592 0.783633 
-0.0584 0.80902 
-0.0576 0.834633 
-0.0568 0.86047 
-0.056 0.886527 
-0.0552 0.912802 
-0.0544 0.939291 
-0.0536 0.965991 
-0.0528 0.992898 
-0.052 1.02001 
-0.0512 1.04732 
-0.0504 1.07482 
-0.0496 1.10251 
-0.0488 1.13039 
-0.048 1.15846 
-0.0472 1.18669 
-0.0464 1.2151 
-0.0456 1.24367 
-0.0448 1.2724 
-0.044 1.30129 
-0.0432 1.33032 
-0.0424 1.35949 
-0.0416 1.3888 
-0.0408 1.41824 
-0.04 1.4478 
-0.0392 1.47747 
-0.0384 1.50725 
-0.0376 1.53713 
-0.0368 1.5671 
-0.036 1.59716 
-0.0352 1.6273 
-0.0344 1.6575 
-0.0336 1.68776 
-0.0328 1.71808 
-0.032 1.74844 
-0.0312 1.77883 
-0.0304 1.80925 
-0.0296 1.83969 
-0.0288 1.87014 
-0.028 1.90058 
-0.0272 1.93102 
-0.0264 1.96143 
-0.0256 1.99182 
-0.0248 2.02216 
-0.024 2.05246 
-0.0232 2.0827 
-0.0224 2.11287 
-0.0216 2.14296 
-0.0208 2.17296 
-0.02 2.20287 
-0.0192 2.23266 
-0.0184 2.26234 
-0.0176 2.29188 
-0.0168 2.32129 
-0.016 2.35055 
-0.0152 2.37965 
-0.0144 2.40858 
-0.0136 2.43733 
-0.0128 2.46589 
-0.012 2.49425 
-0.0112 2.5224 
-0.0104 2.55033 
-0.0096 2.57803 
-0.0088 2.60549 
-0.008 2.63271 
-0.0072 2.65966 
-0.0064 2.68635 
-0.0056 2.71276 
-0.0048 2.73889 
-0.004 2.76472 
-0.0032 2.79024 
-0.0024 2.81546 
-0.0016 2.84035 
-0.0008 2.86492 
1.35073e-14 2.88915 
0.0008 2.91303 
0.0016 2.93656 
0.0024 2.95973 
0.0032 2.98254 
0.004 3.00497 
0.0048 3.02702 
0.0056 3.04868 
0.0064 3.06995 
0.0072 3.09082 
0.008 3.11128 
0.0088 3.13134 
0.0096 3.15098 
0.0104 3.17019 
0.0112 3.18899 
0.012 3.20735 
0.0128 3.22528 
0.0136 3.24278 
0.0144 3.25983 
0.0152 3.27644 
0.016 3.2926 
0.0168 3.30831 
0.0176 3.32357 
0.0184 3.33838 
0.0192 3.35274 
0.02 3.36663 
0.0208 3.38007 
0.0216 3.39305 
0.0224 3.40557 
0.0232 3.41763 
0.024 3.42923 
0.0248 3.44037 
0.0256 3.45106 
0.0264 3.46128 
0.0272 3.47105 
0.028 3.48036 
0.0288 3.48922 
0.0296 3.49763 
0.0304 3.50558 
0.0312 3.51309 
0.032 3.52016 
0.0328 3.52678 
0.0336 3.53296 
0.0344 3.5387 
0.0352 3.54402 
0.036 3.5489 
0.0368 3.55336 
0.0376 3.55739 
0.0384 3.56101 
0.0392 3.56422 
0.04 3.56702 
0.0408 3.56941 
0.0416 3.57141 
0.0424 3.57301 
0.0432 3.57422 
0.044 3.57505 
0.0448 3.5755 
0.0456 3.57557 
0.0464 3.57528 
0.0472 3.57463 
0.048 3.57362 
0.0488 3.57226 
0.0496 3.57056 
0.0504 3.56852 
0.0512 3.56615 
0.052 3.56345 
0.0528 3.56043 
0.0536 3.55709 
0.0544 3.55345 
0.0552 3.54951 
0.056 3.54527 
0.0568 3.54075 
0.0576 3.53594 
0.0584 3.53085 
0.0592 3.5255 
0.06 3.51988 
0.0608 3.51401 
0.0616 3.50788 
0.0624 3.50151 
0.0632 3.49491 
0.064 3.48807 
0.0648 3.481 
0.0656 3.47372 
0.0664 3.46622 
0.0672 3.45852 
0.068 3.45061 
0.0688 3.44251 
0.0696 3.43422 
0.0704 3.42575 
0.0712 3.4171 
0.072 3.40828 
0.0728 3.39929 
0.0736 3.39014 
0.0744 3.38084 
0.0752 3.37139 
0.076 3.36179 
0.0768 3.35206 
0.0776 3.34219 
0.0784 3.3322 
0.0792 3.32209 
0.08 3.31185 
0.0808 3.30151 
0.0816 3.29105 
0.0824 3.2805 
0.0832 3.26985 
0.084 3.2591 
0.0848 3.24826 
0.0856 3.23735 
0.0864 3.22635 
0.0872 3.21527 
0.088 3.20413 
0.0888 3.19292 
0.0896 3.18164 
0.0904 3.17031 
0.0912 3.15892 
0.092 3.14748 
0.0928 3.13599 
0.0936 3.12446 
0.0944 3.11289 
0.0952 3.10128 
0.096 3.08964 
0.0968 3.07796 
0.0976 3.06626 
0.0984 3.05454 
0.0992 3.0428 
0.1 3.03104 
0.1008 3.01926 
0.1016 3.00747 
0.1024 2.99568 
0.1032 2.98387 
0.104 2.97207 
0.1048 2.96026 
0.1056 2.94845 
0.1064 2.93665 
0.1072 2.92485 
0.108 2.91306 
0.1088 2.90128 
0.1096 2.88951 
0.1104 2.87776 
0.1112 2.86602 
0.112 2.85431 
0.1128 2.84261 
0.1136 2.83093 
0.1144 2.81928 
0.1152 2.80765 
0.116 2.79605 
0.1168 2.78448 
0.1176 2.77294 
0.1184 2.76143 
0.1192 2.74996 
0.12 2.73851 
0.1208 2.72711 
0.1216 2.71574 
0.1224 2.7044 
0.1232 2.69311 
0.124 2.68186 
0.1248 2.67065 
0.1256 2.65948 
0.1264 2.64835 
0.1272 2.63727 
0.128 2.62623 
0.1288 2.61524 
0.1296 2.60429 
0.1304 2.5934 
0.1312 2.58255 
0.132 2.57175 
0.1328 2.56099 
0.1336 2.55029 
0.1344 2.53964 
0.1352 2.52904 
0.136 2.51849 
0.1368 2.508 
0.1376 2.49756 
0.1384 2.48716 
0.1392 2.47683 
0.14 2.46654 
0.1408 2.45632 
0.1416 2.44614 
0.1424 2.43602 
0.1432 2.42596 
0.144 2.41595 
0.1448 2.40599 
0.1456 2.39609 
0.1464 2.38625 
0.1472 2.37646 
0.148 2.36673 
0.1488 2.35706 
0.1496 2.34744 
0.1504 2.33788 
0.1512 2.32837 
0.152 2.31892 
0.1528 2.30953 
0.1536 2.30019 
0.1544 2.29091 
0.1552 2.28169 
0.156 2.27252 
0.1568 2.26341 
0.1576 2.25436 
0.1584 2.24536 
0.1592 2.23642 
0.16 2.22753 
0.1608 2.2187 
0.1616 2.20993 
0.1624 2.20121 
0.1632 2.19254 
0.164 2.18393 
0.1648 2.17538 
0.1656 2.16688 
0.1664 2.15844 
0.1672 2.15005 
0.168 2.14172 
0.1688 2.13344 
0.1696 2.12521 
0.1704 2.11704 
0.1712 2.10892 
0.172 2.10085 
0.1728 2.09284 
0.1736 2.08488 
0.1744 2.07697 
0.1752 2.06912 
0.176 2.06131 
0.1768 2.05356 
0.1776 2.04586 
0.1784 2.03821 
0.1792 2.03061 
0.18 2.02307 
0.1808 2.01557 
0.1816 2.00812 
0.1824 2.00073 
0.1832 1.99338 
0.184 1.98608 
0.1848 1.97883 
0.1856 1.97163 
0.1864 1.96448 
0.1872 1.95737 
0.188 1.95031 
0.1888 1.9433 
0.1896 1.93634 
0.1904 1.92942 
0.1912 1.92256 
0.192 1.91573 
0.1928 1.90895 
0.1936 1.90222 
0.1944 1.89553 
0.1952 1.88889 
0.196 1.88229 
0.1968 1.87574 
0.1976 1.86923 
0.1984 1.86277 
0.1992 1.85634 
0.2 1.84996 
0.2008 1.84363 
0.2016 1.83733 
0.2024 1.83108 
0.2032 1.82487 
0.204 1.8187 
0.2048 1.81257 
0.2056 1.80648 
0.2064 1.80043 
0.2072 1.79443 
0.208 1.78846 
0.2088 1.78253 
0.2096 1.77664 
0.2104 1.77079 
0.2112 1.76498 
0.212 1.75921 
0.2128 1.75347 
0.2136 1.74777 
0.2144 1.74211 
0.2152 1.73649 
0.216 1.7309 
0.2168 1.72535 
0.2176 1.71984 
0.2184 1.71436 
0.2192 1.70892 
0.22 1.70351 
0.2208 1.69814 
0.2216 1.69281 
0.2224 1.6875 
0.2232 1.68224 
0.224 1.677 
0.2248 1.6718 
0.2256 1.66663 
0.2264 1.6615 
0.2272 1.6564 
0.228 1.65133 
0.2288 1.64629 
0.2296 1.64129 
0.2304 1.63631 
0.2312 1.63137 
0.232 1.62646 
0.2328 1.62158 
0.2336 1.61673 
0.2344 1.61191 
0.2352 1.60713 
0.236 1.60237 
0.2368 1.59764 
0.2376 1.59294 
0.2384 1.58827 
0.2392 1.58363 
0.24 1.57901 
0.2408 1.57443 
0.2416 1.56987 
0.2424 1.56535 
0.2432 1.56085 
0.244 1.55637 
0.2448 1.55193 
0.2456 1.54751 
0.2464 1.54312 
0.2472 1.53875 
0.248 1.53441 
0.2488 1.5301 
0.2496 1.52581 
0.2504 1.52155 
0.2512 1.51731 
0.252 1.5131 
0.2528 1.50892 
0.2536 1.50476 
0.2544 1.50062 
0.2552 1.49651 
0.256 1.49242 
0.2568 1.48836 
0.2576 1.48432 
0.2584 1.4803 
0.2592 1.47631 
0.26 1.47234 
0.2608 1.46839 
0.2616 1.46447 
0.2624 1.46057 
0.2632 1.45669 
0.264 1.45283 
0.2648 1.449 
0.2656 1.44518 
0.2664 1.44139 
0.2672 1.43762 
0.268 1.43387 
0.2688 1.43015 
0.2696 1.42644 
0.2704 1.42275 
0.2712 1.41909 
0.272 1.41544 
0.2728 1.41182 
0.2736 1.40822 
0.2744 1.40463 
0.2752 1.40107 
0.276 1.39752 
0.2768 1.394 
0.2776 1.39049 
0.2784 1.387 
0.2792 1.38354 
0.28 1.38009 
0.2808 1.37666 
0.2816 1.37325 
0.2824 1.36985 
0.2832 1.36648 
0.284 1.36312 
0.2848 1.35978 
0.2856 1.35646 
0.2864 1.35315 
0.2872 1.34987 
0.288 1.3466 
0.2888 1.34335 
0.2896 1.34011 
0.2904 1.33689 
0.2912 1.33369 
0.292 1.33051 
0.2928 1.32734 
0.2936 1.32419 
0.2944 1.32105 
0.2952 1.31793 
0.296 1.31483 
0.2968 1.31174 
0.2976 1.30867 
0.2984 1.30561 
0.2992 1.30257 
0.3 1.29955 
0.3008 1.29653 
0.3016 1.29354 
0.3024 1.29056 
0.3032 1.28759 
0.304 1.28464 
0.3048 1.28171 
0.3056 1.27879 
0.3064 1.27588 
0.3072 1.27299 
0.308 1.27011 
0.3088 1.26725 
0.3096 1.2644 
0.3104 1.26156 
0.3112 1.25874 
0.312 1.25593 
0.3128 1.25313 
0.3136 1.25035 
0.3144 1.24758 
0.3152 1.24483 
0.316 1.24208 
0.3168 1.23936 
0.3176 1.23664 
0.3184 1.23394 
0.3192 1.23125 
0.32 1.22857 
0.3208 1.2259 
0.3216 1.22325 
0.3224 1.22061 
0.3232 1.21798 
0.324 1.21537 
0.3248 1.21276 
0.3256 1.21017 
0.3264 1.20759 
0.3272 1.20502 
0.328 1.20247 
0.3288 1.19992 
0.3296 1.19739 
0.3304 1.19487 
0.3312 1.19236 
0.332 1.18986 
0.3328 1.18737 
0.3336 1.18489 
0.3344 1.18243 
0.3352 1.17997 
0.336 1.17753 
0.3368 1.1751 
0.3376 1.17267 
0.3384 1.17026 
0.3392 1.16786 
0.34 1.16547 
0.3408 1.16309 
0.3416 1.16072 
0.3424 1.15837 
0.3432 1.15602 
0.344 1.15368 
0.3448 1.15135 
0.3456 1.14903 
0.3464 1.14672 
0.3472 1.14442 
0.348 1.14214 
0.3488 1.13986 
0.3496 1.13759 
0.3504 1.13533 
0.3512 1.13308 
0.352 1.13084 
0.3528 1.12861 
0.3536 1.12638 
0.3544 1.12417 
0.3552 1.12197 
0.356 1.11977 
0.3568 1.11759 
0.3576 1.11541 
0.3584 1.11325 
0.3592 1.11109 
0.36 1.10894 
0.3608 1.1068 
0.3616 1.10467 
0.3624 1.10254 
0.3632 1.10043 
0.364 1.09832 
0.3648 1.09623 
0.3656 1.09414 
0.3664 1.09206 
0.3672 1.08998 
0.368 1.08792 
0.3688 1.08587 
0.3696 1.08382 
0.3704 1.08178 
0.3712 1.07975 
0.372 1.07772 
0.3728 1.07571 
0.3736 1.0737 
0.3744 1.0717 
0.3752 1.06971 
0.376 1.06773 
0.3768 1.06575 
0.3776 1.06378 
0.3784 1.06182 
0.3792 1.05987 
0.38 1.05792 
0.3808 1.05598 
0.3816 1.05405 
0.3824 1.05213 
0.3832 1.05021 
0.384 1.0483 
0.3848 1.0464 
0.3856 1.04451 
0.3864 1.04262 
0.3872 1.04074 
0.388 1.03887 
0.3888 1.037 
0.3896 1.03514 
0.3904 1.03329 
0.3912 1.03144 
0.392 1.02961 
0.3928 1.02777 
0.3936 1.02595 
0.3944 1.02413 
0.3952 1.02232 
0.396 1.02051 
0.3968 1.01872 
0.3976 1.01692 
0.3984 1.01514 
0.3992 1.01336 
0.4 1.01159 
0.4008 1.00982 
0.4016 1.00806 
0.4024 1.00631 
0.4032 1.00456 
0.404 1.00282 
0.4048 1.00109 
0.4056 0.99936 
0.4064 0.997638 
0.4072 0.995922 
0.408 0.994212 
0.4088 0.992508 
0.4096 0.99081 
0.4104 0.989119 
0.4112 0.987433 
0.412 0.985753 
0.4128 0.984079 
0.4136 0.98241 
0.4144 0.980748 
0.4152 0.979091 
0.416 0.97744 
0.4168 0.975795 
0.4176 0.974156 
0.4184 0.972522 
0.4192 0.970893 
0.42 0.969271 
0.4208 0.967654 
0.4216 0.966042 
0.4224 0.964436 
0.4232 0.962835 
0.424 0.96124 
0.4248 0.95965 
0.4256 0.958065 
0.4264 0.956486 
0.4272 0.954912 
0.428 0.953344 
0.4288 0.95178 
0.4296 0.950222 
0.4304 0.948669 
0.4312 0.947121 
0.432 0.945579 
0.4328 0.944041 
0.4336 0.942508 
0.4344 0.940981 
0.4352 0.939459 
0.436 0.937941 
0.4368 0.936429 
0.4376 0.934921 
0.4384 0.933419 
0.4392 0.931921 
0.44 0.930428 
0.4408 0.92894 
0.4416 0.927457 
0.4424 0.925978 
0.4432 0.924505 
0.444 0.923036 
0.4448 0.921572 
0.4456 0.920112 
0.4464 0.918657 
0.4472 0.917207 
0.448 0.915762 
0.4488 0.914321 
0.4496 0.912884 
0.4504 0.911452 
0.4512 0.910025 
0.452 0.908602 
0.4528 0.907184 
0.4536 0.90577 
0.4544 0.90436 
0.4552 0.902955 
0.456 0.901554 
0.4568 0.900158 
0.4576 0.898766 
0.4584 0.897378 
0.4592 0.895995 
0.46 0.894616 
0.4608 0.893241 
0.4616 0.89187 
0.4624 0.890504 
0.4632 0.889142 
0.464 0.887783 
0.4648 0.88643 
0.4656 0.88508 
0.4664 0.883734 
0.4672 0.882392 
0.468 0.881055 
0.4688 0.879721 
0.4696 0.878392 
0.4704 0.877066 
0.4712 0.875745 
0.472 0.874427 
0.4728 0.873114 
0.4736 0.871804 
0.4744 0.870499 
0.4752 0.869197 
0.476 0.867899 
0.4768 0.866605 
0.4776 0.865314 
0.4784 0.864028 
0.4792 0.862745 
0.48 0.861467 
0.4808 0.860191 
0.4816 0.85892 
0.4824 0.857652 
0.4832 0.856389 
0.484 0.855128 
0.4848 0.853872 
0.4856 0.852619 
0.4864 0.85137 
0.4872 0.850124 
0.488 0.848882 
0.4888 0.847644 
0.4896 0.846409 
0.4904 0.845177 
0.4912 0.84395 
0.492 0.842725 
0.4928 0.841505 
0.4936 0.840287 
0.4944 0.839074 
0.4952 0.837863 
0.496 0.836657 
0.4968 0.835453 
0.4976 0.834253 
0.4984 0.833057 
0.4992 0.831863 
0.5 0.830673 
0.5008 0.829487 
0.5016 0.828304 
0.5024 0.827124 
0.5032 0.825947 
0.504 0.824774 
0.5048 0.823604 
0.5056 0.822437 
0.5064 0.821274 
0.5072 0.820114 
0.508 0.818957 
0.5088 0.817803 
0.5096 0.816652 
0.5104 0.815505 
0.5112 0.81436 
0.512 0.813219 
0.5128 0.812081 
0.5136 0.810946 
0.5144 0.809815 
0.5152 0.808686 
0.516 0.80756 
0.5168 0.806438 
0.5176 0.805318 
0.5184 0.804202 
0.5192 0.803088 
0.52 0.801978 
0.5208 0.80087 
0.5216 0.799766 
0.5224 0.798664 
0.5232 0.797566 
0.524 0.79647 
0.5248 0.795378 
0.5256 0.794288 
0.5264 0.793201 
0.5272 0.792117 
0.528 0.791036 
0.5288 0.789958 
0.5296 0.788883 
0.5304 0.787811 
0.5312 0.786741 
0.532 0.785674 
0.5328 0.78461 
0.5336 0.783549 
0.5344 0.782491 
0.5352 0.781435 
0.536 0.780383 
0.5368 0.779332 
0.5376 0.778285 
0.5384 0.777241 
0.5392 0.776199 
0.54 0.77516 
0.5408 0.774123 
0.5416 0.773089 
0.5424 0.772058 
0.5432 0.77103 
0.544 0.770004 
0.5448 0.768981 
0.5456 0.767961 
0.5464 0.766943 
0.5472 0.765928 
0.548 0.764915 
0.5488 0.763905 
0.5496 0.762897 
0.5504 0.761893 
0.5512 0.76089 
0.552 0.75989 
0.5528 0.758893 
0.5536 0.757898 
0.5544 0.756906 
0.5552 0.755917 
0.556 0.754929 
0.5568 0.753945 
0.5576 0.752962 
0.5584 0.751983 
0.5592 0.751005 
0.56 0.75003 
0.5608 0.749058 
0.5616 0.748088 
0.5624 0.747121 
0.5632 0.746155 
0.564 0.745193 
0.5648 0.744232 
0.5656 0.743274 
0.5664 0.742319 
0.5672 0.741365 
0.568 0.740415 
0.5688 0.739466 
0.5696 0.73852 
0.5704 0.737576 
0.5712 0.736634 
0.572 0.735695 
0.5728 0.734758 
0.5736 0.733824 
0.5744 0.732891 
0.5752 0.731961 
0.576 0.731033 
0.5768 0.730108 
0.5776 0.729184 
0.5784 0.728263 
0.5792 0.727344 
0.58 0.726428 
0.5808 0.725513 
0.5816 0.724601 
0.5824 0.723691 
0.5832 0.722783 
0.584 0.721878 
0.5848 0.720974 
0.5856 0.720073 
0.5864 0.719174 
0.5872 0.718277 
0.588 0.717382 
0.5888 0.716489 
0.5896 0.715598 
0.5904 0.71471 
0.5912 0.713823 
0.592 0.712939 
0.5928 0.712057 
0.5936 0.711177 
0.5944 0.710299 
0.5952 0.709423 
0.596 0.708549 
0.5968 0.707677 
0.5976 0.706807 
0.5984 0.705939 
0.5992 0.705074 
0.6 0.70421 
0.6008 0.703348 
0.6016 0.702489 
0.6024 0.701631 
0.6032 0.700775 
0.604 0.699921 
0.6048 0.69907 
0.6056 0.69822 
0.6064 0.697372 
0.6072 0.696526 
0.608 0.695682 
0.6088 0.694841 
0.6096 0.694001 
0.6104 0.693162 
0.6112 0.692326 
0.612 0.691492 
0.6128 0.69066 
0.6136 0.689829 
0.6144 0.689001 
0.6152 0.688174 
0.616 0.687349 
0.6168 0.686527 
0.6176 0.685706 
0.6184 0.684886 
0.6192 0.684069 
0.62 0.683254 
0.6208 0.68244 
0.6216 0.681628 
0.6224 0.680818 
0.6232 0.68001 
0.624 0.679204 
0.6248 0.6784 
0.6256 0.677597 
0.6264 0.676796 
0.6272 0.675997 
0.628 0.6752 
0.6288 0.674404 
0.6296 0.67361 
0.6304 0.672819 
0.6312 0.672028 
0.632 0.67124 
0.6328 0.670453 
0.6336 0.669668 
0.6344 0.668885 
0.6352 0.668103 
0.636 0.667324 
0.6368 0.666546 
0.6376 0.665769 
0.6384 0.664995 
0.6392 0.664222 
0.64 0.663451 
0.6408 0.662681 
0.6416 0.661913 
0.6424 0.661147 
0.6432 0.660383 
0.644 0.65962 
0.6448 0.658858 
0.6456 0.658099 
0.6464 0.657341 
0.6472 0.656585 
0.648 0.65583 
0.6488 0.655077 
0.6496 0.654326 
0.6504 0.653576 
0.6512 0.652828 
0.652 0.652082 
0.6528 0.651337 
0.6536 0.650594 
0.6544 0.649852 
0.6552 0.649112 
0.656 0.648373 
0.6568 0.647637 
0.6576 0.646901 
0.6584 0.646167 
0.6592 0.645435 
0.66 0.644705 
0.6608 0.643976 
0.6616 0.643248 
0.6624 0.642522 
0.6632 0.641798 
0.664 0.641075 
0.6648 0.640353 
0.6656 0.639633 
0.6664 0.638915 
0.6672 0.638198 
0.668 0.637483 
0.6688 0.636769 
0.6696 0.636057 
0.6704 0.635346 
0.6712 0.634637 
0.672 0.633929 
0.6728 0.633222 
0.6736 0.632517 
0.6744 0.631814 
0.6752 0.631112 
0.676 0.630411 
0.6768 0.629712 
0.6776 0.629015 
0.6784 0.628319 
0.6792 0.627624 
0.68 0.626931 
0.6808 0.626239 
0.6816 0.625548 
0.6824 0.62486 
0.6832 0.624172 
0.684 0.623486 
0.6848 0.622801 
0.6856 0.622118 
0.6864 0.621436 
0.6872 0.620755 
0.688 0.620076 
0.6888 0.619398 
0.6896 0.618722 
0.6904 0.618047 
0.6912 0.617373 
0.692 0.616701 
0.6928 0.61603 
0.6936 0.615361 
0.6944 0.614693 
0.6952 0.614026 
0.696 0.61336 
0.6968 0.612696 
0.6976 0.612033 
0.6984 0.611372 
0.6992 0.610712 
0.7 0.610053 
0.7008 0.609396 
0.7016 0.60874 
0.7024 0.608085 
0.7032 0.607431 
0.704 0.606779 
0.7048 0.606128 
0.7056 0.605479 
0.7064 0.60483 
0.7072 0.604183 
0.708 0.603538 
0.7088 0.602893 
0.7096 0.60225 
0.7104 0.601608 
0.7112 0.600968 
0.712 0.600328 
0.7128 0.59969 
0.7136 0.599054 
0.7144 0.598418 
0.7152 0.597784 
0.716 0.597151 
0.7168 0.596519 
0.7176 0.595888 
0.7184 0.595259 
0.7192 0.594631 
0.72 0.594004 
0.7208 0.593379 
0.7216 0.592754 
0.7224 0.592131 
0.7232 0.591509 
0.724 0.590888 
0.7248 0.590269 
0.7256 0.58965 
0.7264 0.589033 
0.7272 0.588417 
0.728 0.587803 
0.7288 0.587189 
0.7296 0.586577 
0.7304 0.585966 
0.7312 0.585356 
0.732 0.584747 
0.7328 0.584139 
0.7336 0.583533 
0.7344 0.582927 
0.7352 0.582323 
0.736 0.58172 
0.7368 0.581118 
0.7376 0.580518 
0.7384 0.579918 
0.7392 0.57932 
0.74 0.578723 
0.7408 0.578127 
0.7416 0.577532 
0.7424 0.576938 
0.7432 0.576345 
0.744 0.575754 
0.7448 0.575163 
0.7456 0.574574 
0.7464 0.573986 
0.7472 0.573399 
0.748 0.572813 
0.7488 0.572228 
0.7496 0.571644 
0.7504 0.571061 
0.7512 0.57048 
0.752 0.569899 
0.7528 0.56932 
0.7536 0.568742 
0.7544 0.568164 
0.7552 0.567588 
0.756 0.567013 
0.7568 0.566439 
0.7576 0.565866 
0.7584 0.565294 
0.7592 0.564724 
0.76 0.564154 
0.7608 0.563585 
0.7616 0.563018 
0.7624 0.562451 
0.7632 0.561886 
0.764 0.561321 
0.7648 0.560758 
0.7656 0.560196 
0.7664 0.559634 
0.7672 0.559074 
0.768 0.558515 
0.7688 0.557957 
0.7696 0.557399 
0.7704 0.556843 
0.7712 0.556288 
0.772 0.555734 
0.7728 0.555181 
0.7736 0.554629 
0.7744 0.554078 
0.7752 0.553528 
0.776 0.552979 
0.7768 0.552431 
0.7776 0.551884 
0.7784 0.551338 
0.7792 0.550792 
0.78 0.550248 
0.7808 0.549705 
0.7816 0.549163 
0.7824 0.548622 
0.7832 0.548082 
0.784 0.547543 
0.7848 0.547005 
0.7856 0.546467 
0.7864 0.545931 
0.7872 0.545396 
0.788 0.544862 
0.7888 0.544328 
0.7896 0.543796 
0.7904 0.543264 
0.7912 0.542734 
0.792 0.542204 
0.7928 0.541676 
0.7936 0.541148 
0.7944 0.540622 
0.7952 0.540096 
0.796 0.539571 
0.7968 0.539047 
0.7976 0.538524 
0.7984 0.538002 
0.7992 0.537481 
0.8 0.536961 
