19.98	-1.4866e-07
19.96	-7.7361e-08
19.94	-6.03267e-08
19.92	-5.22506e-08
19.9	-4.74967e-08
19.88	-4.43909e-08
19.86	-4.22384e-08
19.84	-4.06966e-08
19.82	-3.95718e-08
19.8	-3.87489e-08
19.78	-3.81528e-08
19.76	-3.77323e-08
19.74	-3.7452e-08
19.72	-3.72875e-08
19.7	-3.72161e-08
19.68	-3.72292e-08
19.66	-3.73097e-08
19.64	-3.74513e-08
19.62	-3.76463e-08
19.6	-3.78905e-08
19.58	-3.81785e-08
19.56	-3.85053e-08
19.54	-3.88696e-08
19.52	-3.92665e-08
19.5	-3.96981e-08
19.48	-4.01595e-08
19.46	-4.06508e-08
19.44	-4.11685e-08
19.42	-4.17118e-08
19.4	-4.22828e-08
19.38	-4.28796e-08
19.36	-4.34992e-08
19.34	-4.41432e-08
19.32	-4.48114e-08
19.3	-4.55018e-08
19.28	-4.62165e-08
19.26	-4.69541e-08
19.24	-4.77139e-08
19.22	-4.84973e-08
19.2	-4.93022e-08
19.18	-5.01307e-08
19.16	-5.09835e-08
19.14	-5.18578e-08
19.12	-5.2755e-08
19.1	-5.36751e-08
19.08	-5.46202e-08
19.06	-5.55861e-08
19.04	-5.6579e-08
19.02	-5.75949e-08
19	-5.8635e-08
18.98	-5.96995e-08
18.96	-6.07903e-08
18.94	-6.1904e-08
18.92	-6.30461e-08
18.9	-6.42132e-08
18.88	-6.5406e-08
18.86	-6.66273e-08
18.84	-6.78763e-08
18.82	-6.91509e-08
18.8	-7.04554e-08
18.78	-7.17884e-08
18.76	-7.31477e-08
18.74	-7.45397e-08
18.72	-7.59615e-08
18.7	-7.74138e-08
18.68	-7.88959e-08
18.66	-8.04121e-08
18.64	-8.19587e-08
18.62	-8.35387e-08
18.6	-8.51541e-08
18.58	-8.68014e-08
18.56	-8.84855e-08
18.54	-9.02042e-08
18.52	-9.19584e-08
18.5	-9.37493e-08
18.48	-9.55784e-08
18.46	-9.74457e-08
18.44	-9.93511e-08
18.42	-1.01298e-07
18.4	-1.03283e-07
18.38	-1.05312e-07
18.36	-1.07381e-07
18.34	-1.09493e-07
18.32	-1.1165e-07
18.3	-1.13851e-07
18.28	-1.16097e-07
18.26	-1.18389e-07
18.24	-1.20729e-07
18.22	-1.23117e-07
18.2	-1.25553e-07
18.18	-1.28041e-07
18.16	-1.30579e-07
18.14	-1.33168e-07
18.12	-1.35812e-07
18.1	-1.38509e-07
18.08	-1.41262e-07
18.06	-1.44071e-07
18.04	-1.46937e-07
18.02	-1.49861e-07
18	-1.52846e-07
17.98	-1.55893e-07
17.96	-1.59001e-07
17.94	-1.62172e-07
17.92	-1.65408e-07
17.9	-1.68709e-07
17.88	-1.72078e-07
17.86	-1.75517e-07
17.84	-1.79023e-07
17.82	-1.82603e-07
17.8	-1.86255e-07
17.78	-1.89982e-07
17.76	-1.93783e-07
17.74	-1.97663e-07
17.72	-2.01621e-07
17.7	-2.05659e-07
17.68	-2.09781e-07
17.66	-2.13984e-07
17.64	-2.18274e-07
17.62	-2.22651e-07
17.6	-2.27116e-07
17.58	-2.31672e-07
17.56	-2.36321e-07
17.54	-2.41064e-07
17.52	-2.45903e-07
17.5	-2.5084e-07
17.48	-2.55879e-07
17.46	-2.61018e-07
17.44	-2.66261e-07
17.42	-2.71611e-07
17.4	-2.77068e-07
17.38	-2.82638e-07
17.36	-2.88319e-07
17.34	-2.94116e-07
17.32	-3.00031e-07
17.3	-3.06065e-07
17.28	-3.12221e-07
17.26	-3.18503e-07
17.24	-3.2491e-07
17.22	-3.31447e-07
17.2	-3.38118e-07
17.18	-3.44923e-07
17.16	-3.51867e-07
17.14	-3.5895e-07
17.12	-3.66178e-07
17.1	-3.7355e-07
17.08	-3.81073e-07
17.06	-3.88747e-07
17.04	-3.96577e-07
17.02	-4.04565e-07
17	-4.12714e-07
16.98	-4.21029e-07
16.96	-4.29513e-07
16.94	-4.38168e-07
16.92	-4.46997e-07
16.9	-4.56005e-07
16.88	-4.65196e-07
16.86	-4.74572e-07
16.84	-4.84137e-07
16.82	-4.93897e-07
16.8	-5.03853e-07
16.78	-5.14012e-07
16.76	-5.24375e-07
16.74	-5.34946e-07
16.72	-5.45735e-07
16.7	-5.56739e-07
16.68	-5.67967e-07
16.66	-5.79421e-07
16.64	-5.91106e-07
16.62	-6.03029e-07
16.6	-6.15192e-07
16.58	-6.27601e-07
16.56	-6.40261e-07
16.54	-6.53178e-07
16.52	-6.66353e-07
16.5	-6.79796e-07
16.48	-6.93513e-07
16.46	-7.07504e-07
16.44	-7.2178e-07
16.42	-7.36342e-07
16.4	-7.51201e-07
16.38	-7.6636e-07
16.36	-7.81823e-07
16.34	-7.97601e-07
16.32	-8.13696e-07
16.3	-8.30119e-07
16.28	-8.4687e-07
16.26	-8.63963e-07
16.24	-8.81401e-07
16.22	-8.9919e-07
16.2	-9.17339e-07
16.18	-9.35854e-07
16.16	-9.54745e-07
16.14	-9.74015e-07
16.12	-9.93676e-07
16.1	-1.01373e-06
16.08	-1.0342e-06
16.06	-1.05508e-06
16.04	-1.07638e-06
16.02	-1.0981e-06
16	-1.12027e-06
15.98	-1.14289e-06
15.96	-1.16596e-06
15.94	-1.1895e-06
15.92	-1.21352e-06
15.9	-1.23802e-06
15.88	-1.26302e-06
15.86	-1.28852e-06
15.84	-1.31453e-06
15.82	-1.34108e-06
15.8	-1.36815e-06
15.78	-1.39578e-06
15.76	-1.42396e-06
15.74	-1.45271e-06
15.72	-1.48205e-06
15.7	-1.51197e-06
15.68	-1.54251e-06
15.66	-1.57365e-06
15.64	-1.60543e-06
15.62	-1.63785e-06
15.6	-1.67092e-06
15.58	-1.70467e-06
15.56	-1.73909e-06
15.54	-1.77421e-06
15.52	-1.81004e-06
15.5	-1.84659e-06
15.48	-1.88388e-06
15.46	-1.92193e-06
15.44	-1.96074e-06
15.42	-2.00034e-06
15.4	-2.04074e-06
15.38	-2.08195e-06
15.36	-2.124e-06
15.34	-2.1669e-06
15.32	-2.21066e-06
15.3	-2.25531e-06
15.28	-2.30086e-06
15.26	-2.34732e-06
15.24	-2.39473e-06
15.22	-2.4431e-06
15.2	-2.49244e-06
15.18	-2.54278e-06
15.16	-2.59414e-06
15.14	-2.64653e-06
15.12	-2.69999e-06
15.1	-2.75452e-06
15.08	-2.81015e-06
15.06	-2.86691e-06
15.04	-2.92482e-06
15.02	-2.98389e-06
15	-3.04416e-06
14.98	-3.10565e-06
14.96	-3.16837e-06
14.94	-3.23237e-06
14.92	-3.29766e-06
14.9	-3.36427e-06
14.88	-3.43222e-06
14.86	-3.50154e-06
14.84	-3.57227e-06
14.82	-3.64443e-06
14.8	-3.71804e-06
14.78	-3.79314e-06
14.76	-3.86975e-06
14.74	-3.94792e-06
14.72	-4.02766e-06
14.7	-4.10902e-06
14.68	-4.19202e-06
14.66	-4.27669e-06
14.64	-4.36308e-06
14.62	-4.45121e-06
14.6	-4.54112e-06
14.58	-4.63285e-06
14.56	-4.72643e-06
14.54	-4.8219e-06
14.52	-4.9193e-06
14.5	-5.01867e-06
14.48	-5.12004e-06
14.46	-5.22347e-06
14.44	-5.32898e-06
14.42	-5.43662e-06
14.4	-5.54644e-06
14.38	-5.65848e-06
14.36	-5.77278e-06
14.34	-5.88939e-06
14.32	-6.00835e-06
14.3	-6.12972e-06
14.28	-6.25354e-06
14.26	-6.37987e-06
14.24	-6.50874e-06
14.22	-6.64022e-06
14.2	-6.77435e-06
14.18	-6.91119e-06
14.16	-7.0508e-06
14.14	-7.19323e-06
14.12	-7.33853e-06
14.1	-7.48677e-06
14.08	-7.63801e-06
14.06	-7.7923e-06
14.04	-7.94971e-06
14.02	-8.11029e-06
14	-8.27413e-06
13.98	-8.44127e-06
13.96	-8.61178e-06
13.94	-8.78575e-06
13.92	-8.96322e-06
13.9	-9.14428e-06
13.88	-9.329e-06
13.86	-9.51745e-06
13.84	-9.70971e-06
13.82	-9.90585e-06
13.8	-1.0106e-05
13.78	-1.03101e-05
13.76	-1.05184e-05
13.74	-1.07309e-05
13.72	-1.09476e-05
13.7	-1.11688e-05
13.68	-1.13944e-05
13.66	-1.16246e-05
13.64	-1.18594e-05
13.62	-1.2099e-05
13.6	-1.23434e-05
13.58	-1.25927e-05
13.56	-1.28471e-05
13.54	-1.31066e-05
13.52	-1.33714e-05
13.5	-1.36415e-05
13.48	-1.39171e-05
13.46	-1.41982e-05
13.44	-1.4485e-05
13.42	-1.47776e-05
13.4	-1.50761e-05
13.38	-1.53807e-05
13.36	-1.56914e-05
13.34	-1.60084e-05
13.32	-1.63318e-05
13.3	-1.66617e-05
13.28	-1.69983e-05
13.26	-1.73416e-05
13.24	-1.7692e-05
13.22	-1.80494e-05
13.2	-1.8414e-05
13.18	-1.8786e-05
13.16	-1.91655e-05
13.14	-1.95526e-05
13.12	-1.99476e-05
13.1	-2.03506e-05
13.08	-2.07617e-05
13.06	-2.11811e-05
13.04	-2.16089e-05
13.02	-2.20455e-05
13	-2.24908e-05
12.98	-2.29451e-05
12.96	-2.34087e-05
12.94	-2.38815e-05
12.92	-2.4364e-05
12.9	-2.48561e-05
12.88	-2.53583e-05
12.86	-2.58705e-05
12.84	-2.63931e-05
12.82	-2.69263e-05
12.8	-2.74703e-05
12.78	-2.80252e-05
12.76	-2.85913e-05
12.74	-2.91689e-05
12.72	-2.97581e-05
12.7	-3.03593e-05
12.68	-3.09726e-05
12.66	-3.15983e-05
12.64	-3.22366e-05
12.62	-3.28878e-05
12.6	-3.35522e-05
12.58	-3.42299e-05
12.56	-3.49214e-05
12.54	-3.56269e-05
12.52	-3.63466e-05
12.5	-3.70808e-05
12.48	-3.78299e-05
12.46	-3.85941e-05
12.44	-3.93737e-05
12.42	-4.01691e-05
12.4	-4.09806e-05
12.38	-4.18085e-05
12.36	-4.2653e-05
12.34	-4.35147e-05
12.32	-4.43937e-05
12.3	-4.52905e-05
12.28	-4.62054e-05
12.26	-4.71388e-05
12.24	-4.80911e-05
12.22	-4.90626e-05
12.2	-5.00537e-05
12.18	-5.10648e-05
12.16	-5.20964e-05
12.14	-5.31488e-05
12.12	-5.42225e-05
12.1	-5.53178e-05
12.08	-5.64353e-05
12.06	-5.75754e-05
12.04	-5.87385e-05
12.02	-5.9925e-05
12	-6.11356e-05
11.98	-6.23706e-05
11.96	-6.36306e-05
11.94	-6.4916e-05
11.92	-6.62273e-05
11.9	-6.75652e-05
11.88	-6.89301e-05
11.86	-7.03225e-05
11.84	-7.17431e-05
11.82	-7.31924e-05
11.8	-7.4671e-05
11.78	-7.61794e-05
11.76	-7.77183e-05
11.74	-7.92883e-05
11.72	-8.089e-05
11.7	-8.25241e-05
11.68	-8.41912e-05
11.66	-8.58919e-05
11.64	-8.7627e-05
11.62	-8.93972e-05
11.6	-9.12031e-05
11.58	-9.30455e-05
11.56	-9.49251e-05
11.54	-9.68427e-05
11.52	-9.8799e-05
11.5	-0.000100795
11.48	-0.000102831
11.46	-0.000104908
11.44	-0.000107028
11.42	-0.00010919
11.4	-0.000111395
11.38	-0.000113646
11.36	-0.000115941
11.34	-0.000118284
11.32	-0.000120673
11.3	-0.000123111
11.28	-0.000125598
11.26	-0.000128135
11.24	-0.000130723
11.22	-0.000133364
11.2	-0.000136058
11.18	-0.000138807
11.16	-0.000141611
11.14	-0.000144471
11.12	-0.00014739
11.1	-0.000150367
11.08	-0.000153405
11.06	-0.000156504
11.04	-0.000159665
11.02	-0.00016289
11	-0.000166181
10.98	-0.000169538
10.96	-0.000172963
10.94	-0.000176457
10.92	-0.000180021
10.9	-0.000183658
10.88	-0.000187368
10.86	-0.000191153
10.84	-0.000195014
10.82	-0.000198954
10.8	-0.000202973
10.78	-0.000207073
10.76	-0.000211256
10.74	-0.000215524
10.72	-0.000219877
10.7	-0.000224319
10.68	-0.00022885
10.66	-0.000233473
10.64	-0.00023819
10.62	-0.000243001
10.6	-0.00024791
10.58	-0.000252918
10.56	-0.000258027
10.54	-0.000263239
10.52	-0.000268557
10.5	-0.000273982
10.48	-0.000279516
10.46	-0.000285163
10.44	-0.000290923
10.42	-0.0002968
10.4	-0.000302796
10.38	-0.000308912
10.36	-0.000315152
10.34	-0.000321518
10.32	-0.000328013
10.3	-0.000334639
10.28	-0.000341399
10.26	-0.000348295
10.24	-0.000355331
10.22	-0.000362509
10.2	-0.000369832
10.18	-0.000377302
10.16	-0.000384924
10.14	-0.0003927
10.12	-0.000400632
10.1	-0.000408725
10.08	-0.000416981
10.06	-0.000425404
10.04	-0.000433998
10.02	-0.000442764
10	-0.000451708
9.98	-0.000460833
9.96	-0.000470142
9.94	-0.000479638
9.92	-0.000489327
9.9	-0.000499211
9.88	-0.000509295
9.86	-0.000519583
9.84	-0.000530079
9.82	-0.000540786
9.8	-0.00055171
9.78	-0.000562854
9.76	-0.000574224
9.74	-0.000585823
9.72	-0.000597656
9.7	-0.000609729
9.68	-0.000622045
9.66	-0.00063461
9.64	-0.000647429
9.62	-0.000660506
9.6	-0.000673848
9.58	-0.00068746
9.56	-0.000701346
9.54	-0.000715513
9.52	-0.000729965
9.5	-0.00074471
9.48	-0.000759753
9.46	-0.000775099
9.44	-0.000790755
9.42	-0.000806728
9.4	-0.000823023
9.38	-0.000839647
9.36	-0.000856607
9.34	-0.000873909
9.32	-0.000891561
9.3	-0.00090957
9.28	-0.000927942
9.26	-0.000946685
9.24	-0.000965807
9.22	-0.000985315
9.2	-0.00100522
9.18	-0.00102552
9.16	-0.00104623
9.14	-0.00106737
9.12	-0.00108892
9.1	-0.00111092
9.08	-0.00113336
9.06	-0.00115625
9.04	-0.0011796
9.02	-0.00120343
9	-0.00122774
8.98	-0.00125253
8.96	-0.00127783
8.94	-0.00130364
8.92	-0.00132997
8.9	-0.00135683
8.88	-0.00138424
8.86	-0.00141219
8.84	-0.00144072
8.82	-0.00146982
8.8	-0.0014995
8.78	-0.00152979
8.76	-0.00156068
8.74	-0.0015922
8.72	-0.00162436
8.7	-0.00165717
8.68	-0.00169064
8.66	-0.00172478
8.64	-0.00175962
8.62	-0.00179515
8.6	-0.00183141
8.58	-0.0018684
8.56	-0.00190613
8.54	-0.00194463
8.52	-0.0019839
8.5	-0.00202397
8.48	-0.00206484
8.46	-0.00210654
8.44	-0.00214908
8.42	-0.00219248
8.4	-0.00223676
8.38	-0.00228193
8.36	-0.00232801
8.34	-0.00237503
8.32	-0.00242299
8.3	-0.00247192
8.28	-0.00252184
8.26	-0.00257276
8.24	-0.00262472
8.22	-0.00267772
8.2	-0.00273179
8.18	-0.00278696
8.16	-0.00284324
8.14	-0.00290065
8.12	-0.00295922
8.1	-0.00301898
8.08	-0.00307994
8.06	-0.00314213
8.04	-0.00320557
8.02	-0.0032703
8	-0.00333634
7.98	-0.0034037
7.96	-0.00347243
7.94	-0.00354254
7.92	-0.00361407
7.9	-0.00368704
7.88	-0.00376148
7.86	-0.00383743
7.84	-0.00391491
7.82	-0.00399395
7.8	-0.00407458
7.78	-0.00415685
7.76	-0.00424077
7.74	-0.00432639
7.72	-0.00441373
7.7	-0.00450284
7.68	-0.00459374
7.66	-0.00468648
7.64	-0.00478109
7.62	-0.00487761
7.6	-0.00497607
7.58	-0.00507652
7.56	-0.005179
7.54	-0.00528355
7.52	-0.0053902
7.5	-0.005499
7.48	-0.00561
7.46	-0.00572324
7.44	-0.00583876
7.42	-0.00595661
7.4	-0.00607684
7.38	-0.00619949
7.36	-0.00632462
7.34	-0.00645227
7.32	-0.00658249
7.3	-0.00671534
7.28	-0.00685087
7.26	-0.00698913
7.24	-0.00713018
7.22	-0.00727407
7.2	-0.00742086
7.18	-0.00757061
7.16	-0.00772338
7.14	-0.00787923
7.12	-0.00803822
7.1	-0.00820041
7.08	-0.00836587
7.06	-0.00853467
7.04	-0.00870687
7.02	-0.00888254
7	-0.00906175
6.98	-0.00924457
6.96	-0.00943107
6.94	-0.00962134
6.92	-0.00981543
6.9	-0.0100134
6.88	-0.0102154
6.86	-0.0104215
6.84	-0.0106317
6.82	-0.0108461
6.8	-0.0110649
6.78	-0.0112881
6.76	-0.0115157
6.74	-0.011748
6.72	-0.0119849
6.7	-0.0122266
6.68	-0.0124732
6.66	-0.0127247
6.64	-0.0129813
6.62	-0.013243
6.6	-0.01351
6.58	-0.0137824
6.56	-0.0140603
6.54	-0.0143437
6.52	-0.0146329
6.5	-0.0149279
6.48	-0.0152288
6.46	-0.0155358
6.44	-0.0158489
6.42	-0.0161683
6.4	-0.0164942
6.38	-0.0168266
6.36	-0.0171657
6.34	-0.0175116
6.32	-0.0178645
6.3	-0.0182244
6.28	-0.0185916
6.26	-0.0189662
6.24	-0.0193483
6.22	-0.0197381
6.2	-0.0201357
6.18	-0.0205412
6.16	-0.020955
6.14	-0.021377
6.12	-0.0218075
6.1	-0.0222467
6.08	-0.0226946
6.06	-0.0231516
6.04	-0.0236177
6.02	-0.0240932
6	-0.0245782
5.98	-0.025073
5.96	-0.0255777
5.94	-0.0260925
5.92	-0.0266176
5.9	-0.0271532
5.88	-0.0276996
5.86	-0.0282569
5.84	-0.0288254
5.82	-0.0294053
5.8	-0.0299968
5.78	-0.0306002
5.76	-0.0312156
5.74	-0.0318434
5.72	-0.0324837
5.7	-0.0331368
5.68	-0.033803
5.66	-0.0344825
5.64	-0.0351757
5.62	-0.0358826
5.6	-0.0366038
5.58	-0.0373393
5.56	-0.0380895
5.54	-0.0388548
5.52	-0.0396353
5.5	-0.0404314
5.48	-0.0412434
5.46	-0.0420716
5.44	-0.0429163
5.42	-0.0437779
5.4	-0.0446567
5.38	-0.045553
5.36	-0.0464672
5.34	-0.0473996
5.32	-0.0483505
5.3	-0.0493204
5.28	-0.0503097
5.26	-0.0513186
5.24	-0.0523476
5.22	-0.0533971
5.2	-0.0544675
5.18	-0.0555591
5.16	-0.0566725
5.14	-0.057808
5.12	-0.058966
5.1	-0.0601471
5.08	-0.0613515
5.06	-0.0625799
5.04	-0.0638327
5.02	-0.0651103
5	-0.0664132
4.98	-0.067742
4.96	-0.069097
4.94	-0.0704789
4.92	-0.0718882
4.9	-0.0733253
4.88	-0.0747909
4.86	-0.0762854
4.84	-0.0778095
4.82	-0.0793636
4.8	-0.0809485
4.78	-0.0825646
4.76	-0.0842126
4.74	-0.0858931
4.72	-0.0876066
4.7	-0.089354
4.68	-0.0911357
4.66	-0.0929525
4.64	-0.094805
4.62	-0.0966939
4.6	-0.0986199
4.58	-0.100584
4.56	-0.102586
4.54	-0.104628
4.52	-0.106709
4.5	-0.108832
4.48	-0.110995
4.46	-0.113202
4.44	-0.115451
4.42	-0.117744
4.4	-0.120082
4.38	-0.122466
4.36	-0.124896
4.34	-0.127373
4.32	-0.129899
4.3	-0.132474
4.28	-0.135098
4.26	-0.137774
4.24	-0.140502
4.22	-0.143282
4.2	-0.146117
4.18	-0.149006
4.16	-0.151951
4.14	-0.154953
4.12	-0.158013
4.1	-0.161132
4.08	-0.16431
4.06	-0.167551
4.04	-0.170853
4.02	-0.174219
4	-0.177649
3.98	-0.181146
3.96	-0.184709
3.94	-0.18834
3.92	-0.192041
3.9	-0.195812
3.88	-0.199655
3.86	-0.203571
3.84	-0.207562
3.82	-0.211628
3.8	-0.215772
3.78	-0.219994
3.76	-0.224296
3.74	-0.228679
3.72	-0.233145
3.7	-0.237695
3.68	-0.242331
3.66	-0.247054
3.64	-0.251865
3.62	-0.256767
3.6	-0.26176
3.58	-0.266846
3.56	-0.272027
3.54	-0.277304
3.52	-0.28268
3.5	-0.288155
3.48	-0.293732
3.46	-0.299411
3.44	-0.305196
3.42	-0.311087
3.4	-0.317086
3.38	-0.323195
3.36	-0.329416
3.34	-0.33575
3.32	-0.3422
3.3	-0.348768
3.28	-0.355454
3.26	-0.362262
3.24	-0.369192
3.22	-0.376248
3.2	-0.38343
3.18	-0.390741
3.16	-0.398183
3.14	-0.405758
3.12	-0.413468
3.1	-0.421315
3.08	-0.4293
3.06	-0.437427
3.04	-0.445697
3.02	-0.454112
3	-0.462675
2.98	-0.471387
2.96	-0.48025
2.94	-0.489268
2.92	-0.498441
2.9	-0.507772
2.88	-0.517264
2.86	-0.526919
2.84	-0.536738
2.82	-0.546724
2.8	-0.55688
2.78	-0.567207
2.76	-0.577707
2.74	-0.588384
2.72	-0.599238
2.7	-0.610274
2.68	-0.621491
2.66	-0.632894
2.64	-0.644484
2.62	-0.656263
2.6	-0.668234
2.58	-0.680398
2.56	-0.692759
2.54	-0.705318
2.52	-0.718077
2.5	-0.731039
2.48	-0.744205
2.46	-0.757579
2.44	-0.771161
2.42	-0.784955
2.4	-0.798962
2.38	-0.813184
2.36	-0.827623
2.34	-0.842281
2.32	-0.857161
2.3	-0.872264
2.28	-0.887591
2.26	-0.903146
2.24	-0.918929
2.22	-0.934943
2.2	-0.951188
2.18	-0.967668
2.16	-0.984382
2.14	-1.00133
2.12	-1.01852
2.1	-1.03595
2.08	-1.05362
2.06	-1.07154
2.04	-1.08969
2.02	-1.10809
2	-1.12674
1.98	-1.14563
1.96	-1.16477
1.94	-1.18416
1.92	-1.2038
1.9	-1.22369
1.88	-1.24383
1.86	-1.26421
1.84	-1.28485
1.82	-1.30574
1.8	-1.32688
1.78	-1.34827
1.76	-1.36992
1.74	-1.39181
1.72	-1.41395
1.7	-1.43634
1.68	-1.45898
1.66	-1.48187
1.64	-1.505
1.62	-1.52838
1.6	-1.55201
1.58	-1.57588
1.56	-1.59998
1.54	-1.62433
1.52	-1.64892
1.5	-1.67374
1.48	-1.69879
1.46	-1.72407
1.44	-1.74958
1.42	-1.77532
1.4	-1.80128
1.38	-1.82745
1.36	-1.85385
1.34	-1.88045
1.32	-1.90726
1.3	-1.93428
1.28	-1.9615
1.26	-1.98891
1.24	-2.01651
1.22	-2.04431
1.2	-2.07228
1.18	-2.10043
1.16	-2.12874
1.14	-2.15723
1.12	-2.18587
1.1	-2.21467
1.08	-2.24362
1.06	-2.27271
1.04	-2.30193
1.02	-2.33128
1	-2.36075
0.98	-2.39034
0.96	-2.42003
0.94	-2.44982
0.92	-2.47971
0.9	-2.50968
0.88	-2.53972
0.86	-2.56984
0.84	-2.60001
0.82	-2.63023
0.8	-2.6605
0.78	-2.69079
0.76	-2.72112
0.74	-2.75146
0.72	-2.7818
0.7	-2.81215
0.68	-2.84247
0.66	-2.87278
0.64	-2.90306
0.62	-2.93329
0.6	-2.96348
0.58	-2.9936
0.56	-3.02365
0.54	-3.05362
0.52	-3.0835
0.5	-3.11327
0.48	-3.14294
0.46	-3.17248
0.44	-3.20189
0.42	-3.23115
0.4	-3.26027
0.38	-3.28922
0.36	-3.31799
0.34	-3.34659
0.32	-3.37499
0.3	-3.40318
0.28	-3.43116
0.26	-3.45892
0.24	-3.48645
0.22	-3.51373
0.2	-3.54076
0.18	-3.56752
0.16	-3.59402
0.14	-3.62023
0.12	-3.64615
0.1	-3.67177
0.08	-3.69709
0.06	-3.72208
0.04	-3.74676
0.02	-3.77109
3.37778e-13	-3.79509
-0.02	-3.81874
-0.04	-3.84203
-0.06	-3.86496
-0.08	-3.88751
-0.1	-3.90969
-0.12	-3.93148
-0.14	-3.95288
-0.16	-3.97388
-0.18	-3.99448
-0.2	-4.01466
-0.22	-4.03444
-0.24	-4.05379
-0.26	-4.07272
-0.28	-4.09122
-0.3	-4.10928
-0.32	-4.12691
-0.34	-4.1441
-0.36	-4.16084
-0.38	-4.17714
-0.4	-4.19298
-0.42	-4.20837
-0.44	-4.22331
-0.46	-4.23779
-0.48	-4.25181
-0.5	-4.26537
-0.52	-4.27847
-0.54	-4.29111
-0.56	-4.30329
-0.58	-4.315
-0.6	-4.32626
-0.62	-4.33705
-0.64	-4.34738
-0.66	-4.35725
-0.68	-4.36666
-0.7	-4.37561
-0.72	-4.3841
-0.74	-4.39215
-0.76	-4.39974
-0.78	-4.40688
-0.8	-4.41357
-0.82	-4.41983
-0.84	-4.42564
-0.86	-4.43101
-0.88	-4.43595
-0.9	-4.44046
-0.92	-4.44454
-0.94	-4.4482
-0.96	-4.45145
-0.98	-4.45428
-1	-4.4567
-1.02	-4.45872
-1.04	-4.46033
-1.06	-4.46156
-1.08	-4.4624
-1.1	-4.46285
-1.12	-4.46292
-1.14	-4.46262
-1.16	-4.46196
-1.18	-4.46093
-1.2	-4.45955
-1.22	-4.45782
-1.24	-4.45575
-1.26	-4.45334
-1.28	-4.45059
-1.3	-4.44753
-1.32	-4.44414
-1.34	-4.44044
-1.36	-4.43644
-1.38	-4.43213
-1.4	-4.42753
-1.42	-4.42265
-1.44	-4.41748
-1.46	-4.41204
-1.48	-4.40633
-1.5	-4.40036
-1.52	-4.39414
-1.54	-4.38767
-1.56	-4.38095
-1.58	-4.374
-1.6	-4.36681
-1.62	-4.35941
-1.64	-4.35178
-1.66	-4.34395
-1.68	-4.33591
-1.7	-4.32767
-1.72	-4.31924
-1.74	-4.31062
-1.76	-4.30182
-1.78	-4.29284
-1.8	-4.2837
-1.82	-4.27439
-1.84	-4.26492
-1.86	-4.25531
-1.88	-4.24554
-1.9	-4.23563
-1.92	-4.22559
-1.94	-4.21542
-1.96	-4.20512
-1.98	-4.1947
-2	-4.18416
-2.02	-4.17352
-2.04	-4.16277
-2.06	-4.15192
-2.08	-4.14097
-2.1	-4.12994
-2.12	-4.11881
-2.14	-4.10761
-2.16	-4.09632
-2.18	-4.08496
-2.2	-4.07354
-2.22	-4.06205
-2.24	-4.05049
-2.26	-4.03888
-2.28	-4.02722
-2.3	-4.01551
-2.32	-4.00375
-2.34	-3.99195
-2.36	-3.98012
-2.38	-3.96824
-2.4	-3.95634
-2.42	-3.94441
-2.44	-3.93245
-2.46	-3.92047
-2.48	-3.90847
-2.5	-3.89646
-2.52	-3.88443
-2.54	-3.87239
-2.56	-3.86034
-2.58	-3.84829
-2.6	-3.83624
-2.62	-3.82419
-2.64	-3.81214
-2.66	-3.80009
-2.68	-3.78805
-2.7	-3.77602
-2.72	-3.76401
-2.74	-3.752
-2.76	-3.74002
-2.78	-3.72805
-2.8	-3.7161
-2.82	-3.70417
-2.84	-3.69226
-2.86	-3.68038
-2.88	-3.66853
-2.9	-3.6567
-2.92	-3.6449
-2.94	-3.63314
-2.96	-3.62141
-2.98	-3.60971
-3	-3.59804
-3.02	-3.58642
-3.04	-3.57483
-3.06	-3.56328
-3.08	-3.55177
-3.1	-3.5403
-3.12	-3.52887
-3.14	-3.51749
-3.16	-3.50615
-3.18	-3.49486
-3.2	-3.48361
-3.22	-3.4724
-3.24	-3.46125
-3.26	-3.45014
-3.28	-3.43909
-3.3	-3.42808
-3.32	-3.41712
-3.34	-3.40621
-3.36	-3.39536
-3.38	-3.38455
-3.4	-3.3738
-3.42	-3.3631
-3.44	-3.35245
-3.46	-3.34186
-3.48	-3.33132
-3.5	-3.32084
-3.52	-3.31041
-3.54	-3.30004
-3.56	-3.28972
-3.58	-3.27945
-3.6	-3.26925
-3.62	-3.2591
-3.64	-3.249
-3.66	-3.23896
-3.68	-3.22898
-3.7	-3.21905
-3.72	-3.20918
-3.74	-3.19937
-3.76	-3.18961
-3.78	-3.17991
-3.8	-3.17027
-3.82	-3.16069
-3.84	-3.15116
-3.86	-3.14169
-3.88	-3.13227
-3.9	-3.12291
-3.92	-3.11361
-3.94	-3.10437
-3.96	-3.09518
-3.98	-3.08604
-4	-3.07697
-4.02	-3.06795
-4.04	-3.05899
-4.06	-3.05008
-4.08	-3.04123
-4.1	-3.03243
-4.12	-3.02369
-4.14	-3.015
-4.16	-3.00637
-4.18	-2.9978
-4.2	-2.98928
-4.22	-2.98081
-4.24	-2.9724
-4.26	-2.96404
-4.28	-2.95574
-4.3	-2.94748
-4.32	-2.93929
-4.34	-2.93114
-4.36	-2.92305
-4.38	-2.91501
-4.4	-2.90702
-4.42	-2.89909
-4.44	-2.8912
-4.46	-2.88337
-4.48	-2.87559
-4.5	-2.86786
-4.52	-2.86018
-4.54	-2.85255
-4.56	-2.84497
-4.58	-2.83744
-4.6	-2.82996
-4.62	-2.82253
-4.64	-2.81515
-4.66	-2.80781
-4.68	-2.80052
-4.7	-2.79329
-4.72	-2.7861
-4.74	-2.77895
-4.76	-2.77186
-4.78	-2.7648
-4.8	-2.7578
-4.82	-2.75084
-4.84	-2.74393
-4.86	-2.73706
-4.88	-2.73024
-4.9	-2.72346
-4.92	-2.71673
-4.94	-2.71004
-4.96	-2.7034
-4.98	-2.69679
-5	-2.69023
-5.02	-2.68372
-5.04	-2.67725
-5.06	-2.67081
-5.08	-2.66442
-5.1	-2.65808
-5.12	-2.65177
-5.14	-2.6455
-5.16	-2.63928
-5.18	-2.63309
-5.2	-2.62695
-5.22	-2.62084
-5.24	-2.61477
-5.26	-2.60874
-5.28	-2.60276
-5.3	-2.59681
-5.32	-2.59089
-5.34	-2.58502
-5.36	-2.57918
-5.38	-2.57338
-5.4	-2.56762
-5.42	-2.56189
-5.44	-2.5562
-5.46	-2.55055
-5.48	-2.54493
-5.5	-2.53934
-5.52	-2.5338
-5.54	-2.52828
-5.56	-2.5228
-5.58	-2.51736
-5.6	-2.51195
-5.62	-2.50657
-5.64	-2.50123
-5.66	-2.49592
-5.68	-2.49064
-5.7	-2.4854
-5.72	-2.48019
-5.74	-2.47501
-5.76	-2.46986
-5.78	-2.46474
-5.8	-2.45965
-5.82	-2.4546
-5.84	-2.44958
-5.86	-2.44458
-5.88	-2.43962
-5.9	-2.43469
-5.92	-2.42978
-5.94	-2.42491
-5.96	-2.42006
-5.98	-2.41525
-6	-2.41046
-6.02	-2.4057
-6.04	-2.40097
-6.06	-2.39627
-6.08	-2.3916
-6.1	-2.38695
-6.12	-2.38233
-6.14	-2.37774
-6.16	-2.37317
-6.18	-2.36863
-6.2	-2.36412
-6.22	-2.35963
-6.24	-2.35517
-6.26	-2.35074
-6.28	-2.34633
-6.3	-2.34194
-6.32	-2.33759
-6.34	-2.33325
-6.36	-2.32894
-6.38	-2.32466
-6.4	-2.3204
-6.42	-2.31616
-6.44	-2.31195
-6.46	-2.30776
-6.48	-2.30359
-6.5	-2.29945
-6.52	-2.29533
-6.54	-2.29124
-6.56	-2.28716
-6.58	-2.28311
-6.6	-2.27908
-6.62	-2.27508
-6.64	-2.27109
-6.66	-2.26713
-6.68	-2.26319
-6.7	-2.25927
-6.72	-2.25537
-6.74	-2.25149
-6.76	-2.24763
-6.78	-2.2438
-6.8	-2.23998
-6.82	-2.23619
-6.84	-2.23241
-6.86	-2.22866
-6.88	-2.22492
-6.9	-2.22121
-6.92	-2.21751
-6.94	-2.21383
-6.96	-2.21018
-6.98	-2.20654
-7	-2.20292
-7.02	-2.19932
-7.04	-2.19573
-7.06	-2.19217
-7.08	-2.18863
-7.1	-2.1851
-7.12	-2.18159
-7.14	-2.1781
-7.16	-2.17462
-7.18	-2.17117
-7.2	-2.16773
-7.22	-2.16431
-7.24	-2.1609
-7.26	-2.15751
-7.28	-2.15414
-7.3	-2.15079
-7.32	-2.14745
-7.34	-2.14413
-7.36	-2.14083
-7.38	-2.13754
-7.4	-2.13426
-7.42	-2.13101
-7.44	-2.12777
-7.46	-2.12454
-7.48	-2.12133
-7.5	-2.11814
-7.52	-2.11496
-7.54	-2.1118
-7.56	-2.10865
-7.58	-2.10552
-7.6	-2.1024
-7.62	-2.09929
-7.64	-2.0962
-7.66	-2.09313
-7.68	-2.09007
-7.7	-2.08702
-7.72	-2.08399
-7.74	-2.08097
-7.76	-2.07797
-7.78	-2.07498
-7.8	-2.072
-7.82	-2.06904
-7.84	-2.06609
-7.86	-2.06316
-7.88	-2.06024
-7.9	-2.05733
-7.92	-2.05443
-7.94	-2.05155
-7.96	-2.04868
-7.98	-2.04582
-8	-2.04298
-8.02	-2.04014
-8.04	-2.03733
-8.06	-2.03452
-8.08	-2.03172
-8.1	-2.02894
-8.12	-2.02617
-8.14	-2.02341
-8.16	-2.02067
-8.18	-2.01794
-8.2	-2.01521
-8.22	-2.0125
-8.24	-2.0098
-8.26	-2.00712
-8.28	-2.00444
-8.3	-2.00178
-8.32	-1.99912
-8.34	-1.99648
-8.36	-1.99385
-8.38	-1.99123
-8.4	-1.98863
-8.42	-1.98603
-8.44	-1.98344
-8.46	-1.98087
-8.48	-1.9783
-8.5	-1.97575
-8.52	-1.9732
-8.54	-1.97067
-8.56	-1.96815
-8.58	-1.96563
-8.6	-1.96313
-8.62	-1.96064
-8.64	-1.95816
-8.66	-1.95568
-8.68	-1.95322
-8.7	-1.95077
-8.72	-1.94833
-8.74	-1.94589
-8.76	-1.94347
-8.78	-1.94106
-8.8	-1.93865
-8.82	-1.93626
-8.84	-1.93387
-8.86	-1.9315
-8.88	-1.92913
-8.9	-1.92678
-8.92	-1.92443
-8.94	-1.92209
-8.96	-1.91976
-8.98	-1.91744
-9	-1.91513
-9.02	-1.91282
-9.04	-1.91053
-9.06	-1.90825
-9.08	-1.90597
-9.1	-1.9037
-9.12	-1.90144
-9.14	-1.89919
-9.16	-1.89695
-9.18	-1.89472
-9.2	-1.89249
-9.22	-1.89027
-9.24	-1.88806
-9.26	-1.88586
-9.28	-1.88367
-9.3	-1.88149
-9.32	-1.87931
-9.34	-1.87714
-9.36	-1.87498
-9.38	-1.87283
-9.4	-1.87068
-9.42	-1.86855
-9.44	-1.86642
-9.46	-1.8643
-9.48	-1.86218
-9.5	-1.86008
-9.52	-1.85798
-9.54	-1.85589
-9.56	-1.8538
-9.58	-1.85173
-9.6	-1.84966
-9.62	-1.8476
-9.64	-1.84554
-9.66	-1.8435
-9.68	-1.84146
-9.7	-1.83942
-9.72	-1.8374
-9.74	-1.83538
-9.76	-1.83337
-9.78	-1.83136
-9.8	-1.82937
-9.82	-1.82738
-9.84	-1.82539
-9.86	-1.82341
-9.88	-1.82144
-9.9	-1.81948
-9.92	-1.81752
-9.94	-1.81557
-9.96	-1.81363
-9.98	-1.81169
-10	-1.80976
-10.02	-1.80784
-10.04	-1.80592
-10.06	-1.80401
-10.08	-1.80211
-10.1	-1.80021
-10.12	-1.79832
-10.14	-1.79643
-10.16	-1.79455
-10.18	-1.79268
-10.2	-1.79081
-10.22	-1.78895
-10.24	-1.78709
-10.26	-1.78524
-10.28	-1.7834
-10.3	-1.78156
-10.32	-1.77973
-10.34	-1.77791
-10.36	-1.77609
-10.38	-1.77428
-10.4	-1.77247
-10.42	-1.77067
-10.44	-1.76887
-10.46	-1.76708
-10.48	-1.7653
-10.5	-1.76352
-10.52	-1.76174
-10.54	-1.75998
-10.56	-1.75821
-10.58	-1.75646
-10.6	-1.75471
-10.62	-1.75296
-10.64	-1.75122
-10.66	-1.74949
-10.68	-1.74776
-10.7	-1.74603
-10.72	-1.74431
-10.74	-1.7426
-10.76	-1.74089
-10.78	-1.73919
-10.8	-1.73749
-10.82	-1.7358
-10.84	-1.73411
-10.86	-1.73243
-10.88	-1.73075
-10.9	-1.72908
-10.92	-1.72742
-10.94	-1.72575
-10.96	-1.7241
-10.98	-1.72245
-11	-1.7208
-11.02	-1.71916
-11.04	-1.71752
-11.06	-1.71589
-11.08	-1.71426
-11.1	-1.71264
-11.12	-1.71102
-11.14	-1.70941
-11.16	-1.7078
-11.18	-1.70619
-11.2	-1.7046
-11.22	-1.703
-11.24	-1.70141
-11.26	-1.69983
-11.28	-1.69825
-11.3	-1.69667
-11.32	-1.6951
-11.34	-1.69353
-11.36	-1.69197
-11.38	-1.69041
-11.4	-1.68886
-11.42	-1.68731
-11.44	-1.68577
-11.46	-1.68423
-11.48	-1.68269
-11.5	-1.68116
-11.52	-1.67963
-11.54	-1.67811
-11.56	-1.67659
-11.58	-1.67508
-11.6	-1.67357
-11.62	-1.67207
-11.64	-1.67056
-11.66	-1.66907
-11.68	-1.66757
-11.7	-1.66609
-11.72	-1.6646
-11.74	-1.66312
-11.76	-1.66164
-11.78	-1.66017
-11.8	-1.6587
-11.82	-1.65724
-11.84	-1.65578
-11.86	-1.65432
-11.88	-1.65287
-11.9	-1.65142
-11.92	-1.64998
-11.94	-1.64854
-11.96	-1.6471
-11.98	-1.64567
-12	-1.64424
-12.02	-1.64281
-12.04	-1.64139
-12.06	-1.63998
-12.08	-1.63856
-12.1	-1.63715
-12.12	-1.63575
-12.14	-1.63434
-12.16	-1.63295
-12.18	-1.63155
-12.2	-1.63016
-12.22	-1.62877
-12.24	-1.62739
-12.26	-1.62601
-12.28	-1.62463
-12.3	-1.62326
-12.32	-1.62189
-12.34	-1.62052
-12.36	-1.61916
-12.38	-1.6178
-12.4	-1.61645
-12.42	-1.6151
-12.44	-1.61375
-12.46	-1.6124
-12.48	-1.61106
-12.5	-1.60972
-12.52	-1.60839
-12.54	-1.60706
-12.56	-1.60573
-12.58	-1.60441
-12.6	-1.60309
-12.62	-1.60177
-12.64	-1.60045
-12.66	-1.59914
-12.68	-1.59784
-12.7	-1.59653
-12.72	-1.59523
-12.74	-1.59393
-12.76	-1.59264
-12.78	-1.59135
-12.8	-1.59006
-12.82	-1.58878
-12.84	-1.58749
-12.86	-1.58622
-12.88	-1.58494
-12.9	-1.58367
-12.92	-1.5824
-12.94	-1.58113
-12.96	-1.57987
-12.98	-1.57861
-13	-1.57736
-13.02	-1.5761
-13.04	-1.57485
-13.06	-1.5736
-13.08	-1.57236
-13.1	-1.57112
-13.12	-1.56988
-13.14	-1.56865
-13.16	-1.56741
-13.18	-1.56619
-13.2	-1.56496
-13.22	-1.56374
-13.24	-1.56252
-13.26	-1.5613
-13.28	-1.56008
-13.3	-1.55887
-13.32	-1.55766
-13.34	-1.55646
-13.36	-1.55525
-13.38	-1.55405
-13.4	-1.55286
-13.42	-1.55166
-13.44	-1.55047
-13.46	-1.54928
-13.48	-1.5481
-13.5	-1.54691
-13.52	-1.54573
-13.54	-1.54456
-13.56	-1.54338
-13.58	-1.54221
-13.6	-1.54104
-13.62	-1.53987
-13.64	-1.53871
-13.66	-1.53755
-13.68	-1.53639
-13.7	-1.53523
-13.72	-1.53408
-13.74	-1.53293
-13.76	-1.53178
-13.78	-1.53064
-13.8	-1.52949
-13.82	-1.52835
-13.84	-1.52722
-13.86	-1.52608
-13.88	-1.52495
-13.9	-1.52382
-13.92	-1.52269
-13.94	-1.52157
-13.96	-1.52045
-13.98	-1.51933
-14	-1.51821
-14.02	-1.5171
-14.04	-1.51598
-14.06	-1.51487
-14.08	-1.51377
-14.1	-1.51266
-14.12	-1.51156
-14.14	-1.51046
-14.16	-1.50936
-14.18	-1.50827
-14.2	-1.50718
-14.22	-1.50609
-14.24	-1.505
-14.26	-1.50392
-14.28	-1.50283
-14.3	-1.50175
-14.32	-1.50068
-14.34	-1.4996
-14.36	-1.49853
-14.38	-1.49746
-14.4	-1.49639
-14.42	-1.49532
-14.44	-1.49426
-14.46	-1.4932
-14.48	-1.49214
-14.5	-1.49108
-14.52	-1.49003
-14.54	-1.48897
-14.56	-1.48792
-14.58	-1.48688
-14.6	-1.48583
-14.62	-1.48479
-14.64	-1.48375
-14.66	-1.48271
-14.68	-1.48167
-14.7	-1.48064
-14.72	-1.4796
-14.74	-1.47857
-14.76	-1.47755
-14.78	-1.47652
-14.8	-1.4755
-14.82	-1.47448
-14.84	-1.47346
-14.86	-1.47244
-14.88	-1.47143
-14.9	-1.47041
-14.92	-1.4694
-14.94	-1.4684
-14.96	-1.46739
-14.98	-1.46638
-15	-1.46538
-15.02	-1.46438
-15.04	-1.46338
-15.06	-1.46239
-15.08	-1.4614
-15.1	-1.4604
-15.12	-1.45941
-15.14	-1.45843
-15.16	-1.45744
-15.18	-1.45646
-15.2	-1.45548
-15.22	-1.4545
-15.24	-1.45352
-15.26	-1.45254
-15.28	-1.45157
-15.3	-1.4506
-15.32	-1.44963
-15.34	-1.44866
-15.36	-1.4477
-15.38	-1.44673
-15.4	-1.44577
-15.42	-1.44481
-15.44	-1.44385
-15.46	-1.4429
-15.48	-1.44194
-15.5	-1.44099
-15.52	-1.44004
-15.54	-1.43909
-15.56	-1.43815
-15.58	-1.4372
-15.6	-1.43626
-15.62	-1.43532
-15.64	-1.43438
-15.66	-1.43345
-15.68	-1.43251
-15.7	-1.43158
-15.72	-1.43065
-15.74	-1.42972
-15.76	-1.42879
-15.78	-1.42786
-15.8	-1.42694
-15.82	-1.42602
-15.84	-1.4251
-15.86	-1.42418
-15.88	-1.42326
-15.9	-1.42235
-15.92	-1.42143
-15.94	-1.42052
-15.96	-1.41961
-15.98	-1.41871
-16	-1.4178
-16.02	-1.4169
-16.04	-1.41599
-16.06	-1.41509
-16.08	-1.41419
-16.1	-1.4133
-16.12	-1.4124
-16.14	-1.41151
-16.16	-1.41062
-16.18	-1.40973
-16.2	-1.40884
-16.22	-1.40795
-16.24	-1.40706
-16.26	-1.40618
-16.28	-1.4053
-16.3	-1.40442
-16.32	-1.40354
-16.34	-1.40266
-16.36	-1.40179
-16.38	-1.40092
-16.4	-1.40004
-16.42	-1.39917
-16.44	-1.39831
-16.46	-1.39744
-16.48	-1.39657
-16.5	-1.39571
-16.52	-1.39485
-16.54	-1.39399
-16.56	-1.39313
-16.58	-1.39227
-16.6	-1.39142
-16.62	-1.39056
-16.64	-1.38971
-16.66	-1.38886
-16.68	-1.38801
-16.7	-1.38716
-16.72	-1.38632
-16.74	-1.38547
-16.76	-1.38463
-16.78	-1.38379
-16.8	-1.38295
-16.82	-1.38211
-16.84	-1.38127
-16.86	-1.38044
-16.88	-1.3796
-16.9	-1.37877
-16.92	-1.37794
-16.94	-1.37711
-16.96	-1.37629
-16.98	-1.37546
-17	-1.37463
-17.02	-1.37381
-17.04	-1.37299
-17.06	-1.37217
-17.08	-1.37135
-17.1	-1.37053
-17.12	-1.36972
-17.14	-1.3689
-17.16	-1.36809
-17.18	-1.36728
-17.2	-1.36647
-17.22	-1.36566
-17.24	-1.36486
-17.26	-1.36405
-17.28	-1.36325
-17.3	-1.36244
-17.32	-1.36164
-17.34	-1.36084
-17.36	-1.36005
-17.38	-1.35925
-17.4	-1.35845
-17.42	-1.35766
-17.44	-1.35687
-17.46	-1.35608
-17.48	-1.35529
-17.5	-1.3545
-17.52	-1.35371
-17.54	-1.35293
-17.56	-1.35214
-17.58	-1.35136
-17.6	-1.35058
-17.62	-1.3498
-17.64	-1.34902
-17.66	-1.34824
-17.68	-1.34747
-17.7	-1.34669
-17.72	-1.34592
-17.74	-1.34515
-17.76	-1.34438
-17.78	-1.34361
-17.8	-1.34284
-17.82	-1.34207
-17.84	-1.34131
-17.86	-1.34054
-17.88	-1.33978
-17.9	-1.33902
-17.92	-1.33826
-17.94	-1.3375
-17.96	-1.33674
-17.98	-1.33599
-18	-1.33523
-18.02	-1.33448
-18.04	-1.33373
-18.06	-1.33298
-18.08	-1.33223
-18.1	-1.33148
-18.12	-1.33073
-18.14	-1.32999
-18.16	-1.32924
-18.18	-1.3285
-18.2	-1.32776
-18.22	-1.32702
-18.24	-1.32628
-18.26	-1.32554
-18.28	-1.3248
-18.3	-1.32406
-18.32	-1.32333
-18.34	-1.3226
-18.36	-1.32186
-18.38	-1.32113
-18.4	-1.3204
-18.42	-1.31968
-18.44	-1.31895
-18.46	-1.31822
-18.48	-1.3175
-18.5	-1.31678
-18.52	-1.31605
-18.54	-1.31533
-18.56	-1.31461
-18.58	-1.31389
-18.6	-1.31318
-18.62	-1.31246
-18.64	-1.31174
-18.66	-1.31103
-18.68	-1.31032
-18.7	-1.30961
-18.72	-1.3089
-18.74	-1.30819
-18.76	-1.30748
-18.78	-1.30677
-18.8	-1.30607
-18.82	-1.30536
-18.84	-1.30466
-18.86	-1.30395
-18.88	-1.30325
-18.9	-1.30255
-18.92	-1.30185
-18.94	-1.30116
-18.96	-1.30046
-18.98	-1.29976
-19	-1.29907
-19.02	-1.29838
-19.04	-1.29769
-19.06	-1.29699
-19.08	-1.2963
-19.1	-1.29562
-19.12	-1.29493
-19.14	-1.29424
-19.16	-1.29356
-19.18	-1.29287
-19.2	-1.29219
-19.22	-1.29151
-19.24	-1.29082
-19.26	-1.29014
-19.28	-1.28947
-19.3	-1.28879
-19.32	-1.28811
-19.34	-1.28744
-19.36	-1.28676
-19.38	-1.28609
-19.4	-1.28541
-19.42	-1.28474
-19.44	-1.28407
-19.46	-1.2834
-19.48	-1.28274
-19.5	-1.28207
-19.52	-1.2814
-19.54	-1.28074
-19.56	-1.28007
-19.58	-1.27941
-19.6	-1.27875
-19.62	-1.27809
-19.64	-1.27743
-19.66	-1.27677
-19.68	-1.27611
-19.7	-1.27545
-19.72	-1.2748
-19.74	-1.27414
-19.76	-1.27349
-19.78	-1.27284
-19.8	-1.27219
-19.82	-1.27153
-19.84	-1.27088
-19.86	-1.27024
-19.88	-1.26959
-19.9	-1.26894
-19.92	-1.2683
-19.94	-1.26765
-19.96	-1.26701
-19.98	-1.26636
-20	-1.26572
-19.98	-1.26508
-19.96	-1.26444
-19.94	-1.2638
-19.92	-1.26317
-19.9	-1.26253
-19.88	-1.26189
-19.86	-1.26126
-19.84	-1.26062
-19.82	-1.25999
-19.8	-1.25936
-19.78	-1.25873
-19.76	-1.2581
-19.74	-1.25747
-19.72	-1.25684
-19.7	-1.25621
-19.68	-1.25559
-19.66	-1.25496
-19.64	-1.25434
-19.62	-1.25371
-19.6	-1.25309
-19.58	-1.25247
-19.56	-1.25185
-19.54	-1.25123
-19.52	-1.25061
-19.5	-1.24999
-19.48	-1.24938
-19.46	-1.24876
-19.44	-1.24814
-19.42	-1.24753
-19.4	-1.24692
-19.38	-1.2463
-19.36	-1.24569
-19.34	-1.24508
-19.32	-1.24447
-19.3	-1.24386
-19.28	-1.24326
-19.26	-1.24265
-19.24	-1.24204
-19.22	-1.24144
-19.2	-1.24083
-19.18	-1.24023
-19.16	-1.23963
-19.14	-1.23903
-19.12	-1.23843
-19.1	-1.23783
-19.08	-1.23723
-19.06	-1.23663
-19.04	-1.23603
-19.02	-1.23544
-19	-1.23484
-18.98	-1.23424
-18.96	-1.23365
-18.94	-1.23306
-18.92	-1.23247
-18.9	-1.23188
-18.88	-1.23128
-18.86	-1.2307
-18.84	-1.23011
-18.82	-1.22952
-18.8	-1.22893
-18.78	-1.22835
-18.76	-1.22776
-18.74	-1.22718
-18.72	-1.22659
-18.7	-1.22601
-18.68	-1.22543
-18.66	-1.22485
-18.64	-1.22427
-18.62	-1.22369
-18.6	-1.22311
-18.58	-1.22253
-18.56	-1.22195
-18.54	-1.22138
-18.52	-1.2208
-18.5	-1.22023
-18.48	-1.21966
-18.46	-1.21908
-18.44	-1.21851
-18.42	-1.21794
-18.4	-1.21737
-18.38	-1.2168
-18.36	-1.21623
-18.34	-1.21566
-18.32	-1.2151
-18.3	-1.21453
-18.28	-1.21396
-18.26	-1.2134
-18.24	-1.21283
-18.22	-1.21227
-18.2	-1.21171
-18.18	-1.21115
-18.16	-1.21059
-18.14	-1.21003
-18.12	-1.20947
-18.1	-1.20891
-18.08	-1.20835
-18.06	-1.20779
-18.04	-1.20724
-18.02	-1.20668
-18	-1.20613
-17.98	-1.20557
-17.96	-1.20502
-17.94	-1.20447
-17.92	-1.20392
-17.9	-1.20337
-17.88	-1.20282
-17.86	-1.20227
-17.84	-1.20172
-17.82	-1.20117
-17.8	-1.20062
-17.78	-1.20008
-17.76	-1.19953
-17.74	-1.19899
-17.72	-1.19844
-17.7	-1.1979
-17.68	-1.19736
-17.66	-1.19682
-17.64	-1.19628
-17.62	-1.19574
-17.6	-1.1952
-17.58	-1.19466
-17.56	-1.19412
-17.54	-1.19358
-17.52	-1.19305
-17.5	-1.19251
-17.48	-1.19197
-17.46	-1.19144
-17.44	-1.19091
-17.42	-1.19037
-17.4	-1.18984
-17.38	-1.18931
-17.36	-1.18878
-17.34	-1.18825
-17.32	-1.18772
-17.3	-1.18719
-17.28	-1.18666
-17.26	-1.18614
-17.24	-1.18561
-17.22	-1.18508
-17.2	-1.18456
-17.18	-1.18403
-17.16	-1.18351
-17.14	-1.18299
-17.12	-1.18246
-17.1	-1.18194
-17.08	-1.18142
-17.06	-1.1809
-17.04	-1.18038
-17.02	-1.17986
-17	-1.17934
-16.98	-1.17883
-16.96	-1.17831
-16.94	-1.17779
-16.92	-1.17728
-16.9	-1.17676
-16.88	-1.17625
-16.86	-1.17574
-16.84	-1.17522
-16.82	-1.17471
-16.8	-1.1742
-16.78	-1.17369
-16.76	-1.17318
-16.74	-1.17267
-16.72	-1.17216
-16.7	-1.17165
-16.68	-1.17115
-16.66	-1.17064
-16.64	-1.17013
-16.62	-1.16963
-16.6	-1.16912
-16.58	-1.16862
-16.56	-1.16812
-16.54	-1.16761
-16.52	-1.16711
-16.5	-1.16661
-16.48	-1.16611
-16.46	-1.16561
-16.44	-1.16511
-16.42	-1.16461
-16.4	-1.16411
-16.38	-1.16361
-16.36	-1.16312
-16.34	-1.16262
-16.32	-1.16212
-16.3	-1.16163
-16.28	-1.16114
-16.26	-1.16064
-16.24	-1.16015
-16.22	-1.15966
-16.2	-1.15916
-16.18	-1.15867
-16.16	-1.15818
-16.14	-1.15769
-16.12	-1.1572
-16.1	-1.15671
-16.08	-1.15623
-16.06	-1.15574
-16.04	-1.15525
-16.02	-1.15477
-16	-1.15428
-15.98	-1.15379
-15.96	-1.15331
-15.94	-1.15283
-15.92	-1.15234
-15.9	-1.15186
-15.88	-1.15138
-15.86	-1.1509
-15.84	-1.15042
-15.82	-1.14994
-15.8	-1.14946
-15.78	-1.14898
-15.76	-1.1485
-15.74	-1.14802
-15.72	-1.14754
-15.7	-1.14707
-15.68	-1.14659
-15.66	-1.14612
-15.64	-1.14564
-15.62	-1.14517
-15.6	-1.14469
-15.58	-1.14422
-15.56	-1.14375
-15.54	-1.14328
-15.52	-1.14281
-15.5	-1.14233
-15.48	-1.14186
-15.46	-1.1414
-15.44	-1.14093
-15.42	-1.14046
-15.4	-1.13999
-15.38	-1.13952
-15.36	-1.13906
-15.34	-1.13859
-15.32	-1.13813
-15.3	-1.13766
-15.28	-1.1372
-15.26	-1.13673
-15.24	-1.13627
-15.22	-1.13581
-15.2	-1.13534
-15.18	-1.13488
-15.16	-1.13442
-15.14	-1.13396
-15.12	-1.1335
-15.1	-1.13304
-15.08	-1.13258
-15.06	-1.13213
-15.04	-1.13167
-15.02	-1.13121
-15	-1.13076
-14.98	-1.1303
-14.96	-1.12984
-14.94	-1.12939
-14.92	-1.12893
-14.9	-1.12848
-14.88	-1.12803
-14.86	-1.12758
-14.84	-1.12712
-14.82	-1.12667
-14.8	-1.12622
-14.78	-1.12577
-14.76	-1.12532
-14.74	-1.12487
-14.72	-1.12442
-14.7	-1.12397
-14.68	-1.12353
-14.66	-1.12308
-14.64	-1.12263
-14.62	-1.12219
-14.6	-1.12174
-14.58	-1.1213
-14.56	-1.12085
-14.54	-1.12041
-14.52	-1.11996
-14.5	-1.11952
-14.48	-1.11908
-14.46	-1.11864
-14.44	-1.1182
-14.42	-1.11776
-14.4	-1.11731
-14.38	-1.11688
-14.36	-1.11644
-14.34	-1.116
-14.32	-1.11556
-14.3	-1.11512
-14.28	-1.11468
-14.26	-1.11425
-14.24	-1.11381
-14.22	-1.11338
-14.2	-1.11294
-14.18	-1.11251
-14.16	-1.11207
-14.14	-1.11164
-14.12	-1.1112
-14.1	-1.11077
-14.08	-1.11034
-14.06	-1.10991
-14.04	-1.10948
-14.02	-1.10905
-14	-1.10862
-13.98	-1.10819
-13.96	-1.10776
-13.94	-1.10733
-13.92	-1.1069
-13.9	-1.10647
-13.88	-1.10605
-13.86	-1.10562
-13.84	-1.10519
-13.82	-1.10477
-13.8	-1.10434
-13.78	-1.10392
-13.76	-1.10349
-13.74	-1.10307
-13.72	-1.10265
-13.7	-1.10222
-13.68	-1.1018
-13.66	-1.10138
-13.64	-1.10096
-13.62	-1.10054
-13.6	-1.10012
-13.58	-1.0997
-13.56	-1.09928
-13.54	-1.09886
-13.52	-1.09844
-13.5	-1.09802
-13.48	-1.09761
-13.46	-1.09719
-13.44	-1.09677
-13.42	-1.09636
-13.4	-1.09594
-13.38	-1.09553
-13.36	-1.09511
-13.34	-1.0947
-13.32	-1.09428
-13.3	-1.09387
-13.28	-1.09346
-13.26	-1.09304
-13.24	-1.09263
-13.22	-1.09222
-13.2	-1.09181
-13.18	-1.0914
-13.16	-1.09099
-13.14	-1.09058
-13.12	-1.09017
-13.1	-1.08976
-13.08	-1.08935
-13.06	-1.08895
-13.04	-1.08854
-13.02	-1.08813
-13	-1.08773
-12.98	-1.08732
-12.96	-1.08691
-12.94	-1.08651
-12.92	-1.08611
-12.9	-1.0857
-12.88	-1.0853
-12.86	-1.08489
-12.84	-1.08449
-12.82	-1.08409
-12.8	-1.08369
-12.78	-1.08328
-12.76	-1.08288
-12.74	-1.08248
-12.72	-1.08208
-12.7	-1.08168
-12.68	-1.08128
-12.66	-1.08088
-12.64	-1.08049
-12.62	-1.08009
-12.6	-1.07969
-12.58	-1.07929
-12.56	-1.0789
-12.54	-1.0785
-12.52	-1.0781
-12.5	-1.07771
-12.48	-1.07731
-12.46	-1.07692
-12.44	-1.07652
-12.42	-1.07613
-12.4	-1.07574
-12.38	-1.07534
-12.36	-1.07495
-12.34	-1.07456
-12.32	-1.07417
-12.3	-1.07378
-12.28	-1.07338
-12.26	-1.07299
-12.24	-1.0726
-12.22	-1.07221
-12.2	-1.07182
-12.18	-1.07144
-12.16	-1.07105
-12.14	-1.07066
-12.12	-1.07027
-12.1	-1.06988
-12.08	-1.0695
-12.06	-1.06911
-12.04	-1.06872
-12.02	-1.06834
-12	-1.06795
-11.98	-1.06757
-11.96	-1.06718
-11.94	-1.0668
-11.92	-1.06642
-11.9	-1.06603
-11.88	-1.06565
-11.86	-1.06527
-11.84	-1.06488
-11.82	-1.0645
-11.8	-1.06412
-11.78	-1.06374
-11.76	-1.06336
-11.74	-1.06298
-11.72	-1.0626
-11.7	-1.06222
-11.68	-1.06184
-11.66	-1.06146
-11.64	-1.06108
-11.62	-1.0607
-11.6	-1.06033
-11.58	-1.05995
-11.56	-1.05957
-11.54	-1.05919
-11.52	-1.05882
-11.5	-1.05844
-11.48	-1.05807
-11.46	-1.05769
-11.44	-1.05732
-11.42	-1.05694
-11.4	-1.05657
-11.38	-1.05619
-11.36	-1.05582
-11.34	-1.05545
-11.32	-1.05507
-11.3	-1.0547
-11.28	-1.05433
-11.26	-1.05396
-11.24	-1.05359
-11.22	-1.05322
-11.2	-1.05284
-11.18	-1.05247
-11.16	-1.0521
-11.14	-1.05173
-11.12	-1.05136
-11.1	-1.051
-11.08	-1.05063
-11.06	-1.05026
-11.04	-1.04989
-11.02	-1.04952
-11	-1.04915
-10.98	-1.04879
-10.96	-1.04842
-10.94	-1.04805
-10.92	-1.04769
-10.9	-1.04732
-10.88	-1.04696
-10.86	-1.04659
-10.84	-1.04623
-10.82	-1.04586
-10.8	-1.0455
-10.78	-1.04513
-10.76	-1.04477
-10.74	-1.0444
-10.72	-1.04404
-10.7	-1.04368
-10.68	-1.04331
-10.66	-1.04295
-10.64	-1.04259
-10.62	-1.04223
-10.6	-1.04187
-10.58	-1.04151
-10.56	-1.04114
-10.54	-1.04078
-10.52	-1.04042
-10.5	-1.04006
-10.48	-1.0397
-10.46	-1.03934
-10.44	-1.03898
-10.42	-1.03862
-10.4	-1.03826
-10.38	-1.03791
-10.36	-1.03755
-10.34	-1.03719
-10.32	-1.03683
-10.3	-1.03647
-10.28	-1.03611
-10.26	-1.03576
-10.24	-1.0354
-10.22	-1.03504
-10.2	-1.03469
-10.18	-1.03433
-10.16	-1.03397
-10.14	-1.03362
-10.12	-1.03326
-10.1	-1.0329
-10.08	-1.03255
-10.06	-1.03219
-10.04	-1.03184
-10.02	-1.03148
-10	-1.03113
-9.98	-1.03077
-9.96	-1.03042
-9.94	-1.03006
-9.92	-1.02971
-9.9	-1.02936
-9.88	-1.029
-9.86	-1.02865
-9.84	-1.02829
-9.82	-1.02794
-9.8	-1.02759
-9.78	-1.02723
-9.76	-1.02688
-9.74	-1.02653
-9.72	-1.02617
-9.7	-1.02582
-9.68	-1.02547
-9.66	-1.02512
-9.64	-1.02476
-9.62	-1.02441
-9.6	-1.02406
-9.58	-1.02371
-9.56	-1.02335
-9.54	-1.023
-9.52	-1.02265
-9.5	-1.0223
-9.48	-1.02194
-9.46	-1.02159
-9.44	-1.02124
-9.42	-1.02089
-9.4	-1.02054
-9.38	-1.02018
-9.36	-1.01983
-9.34	-1.01948
-9.32	-1.01913
-9.3	-1.01877
-9.28	-1.01842
-9.26	-1.01807
-9.24	-1.01772
-9.22	-1.01737
-9.2	-1.01701
-9.18	-1.01666
-9.16	-1.01631
-9.14	-1.01596
-9.12	-1.0156
-9.1	-1.01525
-9.08	-1.0149
-9.06	-1.01454
-9.04	-1.01419
-9.02	-1.01384
-9	-1.01348
-8.98	-1.01313
-8.96	-1.01278
-8.94	-1.01242
-8.92	-1.01207
-8.9	-1.01171
-8.88	-1.01136
-8.86	-1.011
-8.84	-1.01065
-8.82	-1.01029
-8.8	-1.00994
-8.78	-1.00958
-8.76	-1.00922
-8.74	-1.00887
-8.72	-1.00851
-8.7	-1.00815
-8.68	-1.0078
-8.66	-1.00744
-8.64	-1.00708
-8.62	-1.00672
-8.6	-1.00636
-8.58	-1.006
-8.56	-1.00564
-8.54	-1.00528
-8.52	-1.00492
-8.5	-1.00456
-8.48	-1.0042
-8.46	-1.00383
-8.44	-1.00347
-8.42	-1.00311
-8.4	-1.00274
-8.38	-1.00238
-8.36	-1.00201
-8.34	-1.00165
-8.32	-1.00128
-8.3	-1.00091
-8.28	-1.00055
-8.26	-1.00018
-8.24	-0.999809
-8.22	-0.999438
-8.2	-0.999068
-8.18	-0.998696
-8.16	-0.998323
-8.14	-0.99795
-8.12	-0.997576
-8.1	-0.997201
-8.08	-0.996825
-8.06	-0.996448
-8.04	-0.99607
-8.02	-0.995691
-8	-0.995312
-7.98	-0.994931
-7.96	-0.994549
-7.94	-0.994166
-7.92	-0.993782
-7.9	-0.993396
-7.88	-0.99301
-7.86	-0.992622
-7.84	-0.992233
-7.82	-0.991843
-7.8	-0.991451
-7.78	-0.991059
-7.76	-0.990664
-7.74	-0.990269
-7.72	-0.989872
-7.7	-0.989473
-7.68	-0.989073
-7.66	-0.988672
-7.64	-0.988269
-7.62	-0.987864
-7.6	-0.987457
-7.58	-0.987049
-7.56	-0.986639
-7.54	-0.986228
-7.52	-0.985814
-7.5	-0.985399
-7.48	-0.984982
-7.46	-0.984562
-7.44	-0.984141
-7.42	-0.983718
-7.4	-0.983293
-7.38	-0.982865
-7.36	-0.982435
-7.34	-0.982004
-7.32	-0.981569
-7.3	-0.981133
-7.28	-0.980694
-7.26	-0.980252
-7.24	-0.979809
-7.22	-0.979362
-7.2	-0.978913
-7.18	-0.978461
-7.16	-0.978007
-7.14	-0.977549
-7.12	-0.977089
-7.1	-0.976626
-7.08	-0.97616
-7.06	-0.975691
-7.04	-0.975219
-7.02	-0.974743
-7	-0.974264
-6.98	-0.973782
-6.96	-0.973297
-6.94	-0.972808
-6.92	-0.972315
-6.9	-0.971819
-6.88	-0.971319
-6.86	-0.970816
-6.84	-0.970308
-6.82	-0.969796
-6.8	-0.969281
-6.78	-0.968761
-6.76	-0.968237
-6.74	-0.967709
-6.72	-0.967176
-6.7	-0.966639
-6.68	-0.966097
-6.66	-0.965551
-6.64	-0.965
-6.62	-0.964444
-6.6	-0.963882
-6.58	-0.963316
-6.56	-0.962745
-6.54	-0.962168
-6.52	-0.961586
-6.5	-0.960998
-6.48	-0.960404
-6.46	-0.959805
-6.44	-0.9592
-6.42	-0.958589
-6.4	-0.957972
-6.38	-0.957348
-6.36	-0.956718
-6.34	-0.956081
-6.32	-0.955438
-6.3	-0.954788
-6.28	-0.954131
-6.26	-0.953466
-6.24	-0.952795
-6.22	-0.952116
-6.2	-0.95143
-6.18	-0.950735
-6.16	-0.950033
-6.14	-0.949323
-6.12	-0.948605
-6.1	-0.947878
-6.08	-0.947143
-6.06	-0.946399
-6.04	-0.945646
-6.02	-0.944884
-6	-0.944112
-5.98	-0.943332
-5.96	-0.942541
-5.94	-0.941741
-5.92	-0.94093
-5.9	-0.94011
-5.88	-0.939278
-5.86	-0.938437
-5.84	-0.937584
-5.82	-0.93672
-5.8	-0.935845
-5.78	-0.934958
-5.76	-0.934059
-5.74	-0.933148
-5.72	-0.932225
-5.7	-0.931289
-5.68	-0.930341
-5.66	-0.929379
-5.64	-0.928404
-5.62	-0.927416
-5.6	-0.926413
-5.58	-0.925397
-5.56	-0.924366
-5.54	-0.92332
-5.52	-0.922259
-5.5	-0.921183
-5.48	-0.920091
-5.46	-0.918983
-5.44	-0.917859
-5.42	-0.916719
-5.4	-0.915561
-5.38	-0.914386
-5.36	-0.913194
-5.34	-0.911983
-5.32	-0.910754
-5.3	-0.909507
-5.28	-0.90824
-5.26	-0.906954
-5.24	-0.905648
-5.22	-0.904322
-5.2	-0.902975
-5.18	-0.901607
-5.16	-0.900218
-5.14	-0.898807
-5.12	-0.897373
-5.1	-0.895917
-5.08	-0.894438
-5.06	-0.892934
-5.04	-0.891407
-5.02	-0.889855
-5	-0.888278
-4.98	-0.886676
-4.96	-0.885047
-4.94	-0.883392
-4.92	-0.881709
-4.9	-0.879999
-4.88	-0.878261
-4.86	-0.876494
-4.84	-0.874698
-4.82	-0.872872
-4.8	-0.871016
-4.78	-0.869128
-4.76	-0.867209
-4.74	-0.865257
-4.72	-0.863273
-4.7	-0.861255
-4.68	-0.859203
-4.66	-0.857116
-4.64	-0.854994
-4.62	-0.852835
-4.6	-0.85064
-4.58	-0.848407
-4.56	-0.846136
-4.54	-0.843825
-4.52	-0.841475
-4.5	-0.839085
-4.48	-0.836653
-4.46	-0.834179
-4.44	-0.831662
-4.42	-0.829102
-4.4	-0.826496
-4.38	-0.823846
-4.36	-0.821149
-4.34	-0.818405
-4.32	-0.815614
-4.3	-0.812773
-4.28	-0.809882
-4.26	-0.806941
-4.24	-0.803948
-4.22	-0.800903
-4.2	-0.797804
-4.18	-0.79465
-4.16	-0.79144
-4.14	-0.788174
-4.12	-0.78485
-4.1	-0.781468
-4.08	-0.778025
-4.06	-0.774522
-4.04	-0.770956
-4.02	-0.767328
-4	-0.763635
-3.98	-0.759876
-3.96	-0.756051
-3.94	-0.752157
-3.92	-0.748195
-3.9	-0.744162
-3.88	-0.740058
-3.86	-0.735881
-3.84	-0.731629
-3.82	-0.727302
-3.8	-0.722898
-3.78	-0.718415
-3.76	-0.713853
-3.74	-0.70921
-3.72	-0.704485
-3.7	-0.699675
-3.68	-0.694781
-3.66	-0.689799
-3.64	-0.684729
-3.62	-0.679569
-3.6	-0.674318
-3.58	-0.668973
-3.56	-0.663534
-3.54	-0.657999
-3.52	-0.652366
-3.5	-0.646634
-3.48	-0.6408
-3.46	-0.634864
-3.44	-0.628823
-3.42	-0.622676
-3.4	-0.61642
-3.38	-0.610055
-3.36	-0.603579
-3.34	-0.596989
-3.32	-0.590283
-3.3	-0.583461
-3.28	-0.57652
-3.26	-0.569457
-3.24	-0.562272
-3.22	-0.554963
-3.2	-0.547526
-3.18	-0.539961
-3.16	-0.532265
-3.14	-0.524437
-3.12	-0.516474
-3.1	-0.508374
-3.08	-0.500136
-3.06	-0.491757
-3.04	-0.483234
-3.02	-0.474567
-3	-0.465753
-2.98	-0.456789
-2.96	-0.447674
-2.94	-0.438405
-2.92	-0.42898
-2.9	-0.419398
-2.88	-0.409655
-2.86	-0.39975
-2.84	-0.389681
-2.82	-0.379444
-2.8	-0.369039
-2.78	-0.358462
-2.76	-0.347712
-2.74	-0.336786
-2.72	-0.325682
-2.7	-0.314398
-2.68	-0.302932
-2.66	-0.291281
-2.64	-0.279443
-2.62	-0.267415
-2.6	-0.255197
-2.58	-0.242784
-2.56	-0.230176
-2.54	-0.21737
-2.52	-0.204364
-2.5	-0.191155
-2.48	-0.177742
-2.46	-0.164122
-2.44	-0.150293
-2.42	-0.136253
-2.4	-0.122
-2.38	-0.107533
-2.36	-0.092848
-2.34	-0.0779441
-2.32	-0.0628193
-2.3	-0.0474716
-2.28	-0.0318991
-2.26	-0.0161
-2.24	-7.24537e-05
-2.22	0.0161852
-2.2	0.0326748
-2.18	0.0493979
-2.16	0.066356
-2.14	0.0835508
-2.12	0.100984
-2.1	0.118656
-2.08	0.136569
-2.06	0.154725
-2.04	0.173124
-2.02	0.191767
-2	0.210655
-1.98	0.229791
-1.96	0.249173
-1.94	0.268804
-1.92	0.288683
-1.9	0.308812
-1.88	0.32919
-1.86	0.349819
-1.84	0.370698
-1.82	0.391828
-1.8	0.413209
-1.78	0.43484
-1.76	0.456722
-1.74	0.478854
-1.72	0.501235
-1.7	0.523866
-1.68	0.546745
-1.66	0.569872
-1.64	0.593245
-1.62	0.616863
-1.6	0.640725
-1.58	0.66483
-1.56	0.689176
-1.54	0.713761
-1.52	0.738583
-1.5	0.76364
-1.48	0.78893
-1.46	0.814451
-1.44	0.840199
-1.42	0.866172
-1.4	0.892366
-1.38	0.91878
-1.36	0.945408
-1.34	0.972249
-1.32	0.999297
-1.3	1.02655
-1.28	1.054
-1.26	1.08165
-1.24	1.10949
-1.22	1.13751
-1.2	1.16572
-1.18	1.1941
-1.16	1.22266
-1.14	1.25137
-1.12	1.28025
-1.1	1.30928
-1.08	1.33846
-1.06	1.36779
-1.04	1.39724
-1.02	1.42683
-1	1.45653
-0.98	1.48635
-0.96	1.51627
-0.94	1.5463
-0.92	1.57642
-0.9	1.60662
-0.88	1.63689
-0.86	1.66724
-0.84	1.69764
-0.82	1.72809
-0.8	1.75859
-0.78	1.78912
-0.76	1.81967
-0.74	1.85024
-0.72	1.88082
-0.7	1.91139
-0.68	1.94195
-0.66	1.97249
-0.64	2.003
-0.62	2.03346
-0.6	2.06387
-0.58	2.09422
-0.56	2.1245
-0.54	2.1547
-0.52	2.18481
-0.5	2.21481
-0.48	2.2447
-0.46	2.27447
-0.44	2.30411
-0.42	2.3336
-0.4	2.36294
-0.38	2.39212
-0.36	2.42112
-0.34	2.44995
-0.32	2.47857
-0.3	2.50699
-0.28	2.5352
-0.26	2.56319
-0.24	2.59094
-0.22	2.61844
-0.2	2.6457
-0.18	2.67269
-0.16	2.69941
-0.14	2.72585
-0.12	2.75199
-0.1	2.77784
-0.08	2.80338
-0.06	2.8286
-0.04	2.8535
-0.02	2.87806
3.37681e-13	2.90228
0.02	2.92615
0.04	2.94967
0.06	2.97282
0.08	2.99559
0.1	3.01799
0.12	3.04001
0.14	3.06163
0.16	3.08285
0.18	3.10367
0.2	3.12408
0.22	3.14408
0.24	3.16365
0.26	3.18281
0.28	3.20153
0.3	3.21981
0.32	3.23766
0.34	3.25507
0.36	3.27204
0.38	3.28855
0.4	3.30462
0.42	3.32023
0.44	3.33539
0.46	3.35009
0.48	3.36433
0.5	3.37811
0.52	3.39143
0.54	3.40429
0.56	3.41668
0.58	3.42862
0.6	3.44009
0.62	3.4511
0.64	3.46165
0.66	3.47173
0.68	3.48136
0.7	3.49053
0.72	3.49925
0.74	3.50751
0.76	3.51532
0.78	3.52268
0.8	3.52959
0.82	3.53606
0.84	3.54208
0.86	3.54767
0.88	3.55283
0.9	3.55756
0.92	3.56186
0.94	3.56573
0.96	3.56919
0.98	3.57224
1	3.57488
1.02	3.57711
1.04	3.57895
1.06	3.58039
1.08	3.58144
1.1	3.5821
1.12	3.58239
1.14	3.58231
1.16	3.58186
1.18	3.58105
1.2	3.57988
1.22	3.57836
1.24	3.5765
1.26	3.57431
1.28	3.57178
1.3	3.56892
1.32	3.56575
1.34	3.56227
1.36	3.55847
1.38	3.55438
1.4	3.55
1.42	3.54532
1.44	3.54037
1.46	3.53514
1.48	3.52965
1.5	3.52389
1.52	3.51788
1.54	3.51161
1.56	3.50511
1.58	3.49837
1.6	3.49139
1.62	3.4842
1.64	3.47679
1.66	3.46916
1.68	3.46133
1.7	3.4533
1.72	3.44508
1.74	3.43667
1.76	3.42808
1.78	3.41932
1.8	3.41038
1.82	3.40128
1.84	3.39203
1.86	3.38262
1.88	3.37306
1.9	3.36336
1.92	3.35353
1.94	3.34356
1.96	3.33347
1.98	3.32326
2	3.31294
2.02	3.3025
2.04	3.29196
2.06	3.28131
2.08	3.27058
2.1	3.25975
2.12	3.24883
2.14	3.23783
2.16	3.22675
2.18	3.2156
2.2	3.20438
2.22	3.1931
2.24	3.18175
2.26	3.17035
2.28	3.15889
2.3	3.14739
2.32	3.13584
2.34	3.12424
2.36	3.11261
2.38	3.10094
2.4	3.08924
2.42	3.07752
2.44	3.06576
2.46	3.05399
2.48	3.04219
2.5	3.03038
2.52	3.01856
2.54	3.00672
2.56	2.99488
2.58	2.98304
2.6	2.97119
2.62	2.95934
2.64	2.94749
2.66	2.93565
2.68	2.92381
2.7	2.91199
2.72	2.90017
2.74	2.88837
2.76	2.87659
2.78	2.86482
2.8	2.85307
2.82	2.84135
2.84	2.82964
2.86	2.81796
2.88	2.80631
2.9	2.79469
2.92	2.78309
2.94	2.77153
2.96	2.76
2.98	2.7485
3	2.73704
3.02	2.72561
3.04	2.71422
3.06	2.70287
3.08	2.69156
3.1	2.68029
3.12	2.66907
3.14	2.65788
3.16	2.64674
3.18	2.63565
3.2	2.6246
3.22	2.6136
3.24	2.60264
3.26	2.59173
3.28	2.58087
3.3	2.57006
3.32	2.55931
3.34	2.5486
3.36	2.53794
3.38	2.52733
3.4	2.51678
3.42	2.50628
3.44	2.49583
3.46	2.48544
3.48	2.47509
3.5	2.46481
3.52	2.45458
3.54	2.4444
3.56	2.43428
3.58	2.42421
3.6	2.4142
3.62	2.40424
3.64	2.39435
3.66	2.3845
3.68	2.37472
3.7	2.36499
3.72	2.35531
3.74	2.3457
3.76	2.33613
3.78	2.32663
3.8	2.31718
3.82	2.30779
3.84	2.29846
3.86	2.28918
3.88	2.27996
3.9	2.2708
3.92	2.26169
3.94	2.25264
3.96	2.24365
3.98	2.23471
4	2.22583
4.02	2.217
4.04	2.20823
4.06	2.19952
4.08	2.19086
4.1	2.18226
4.12	2.17371
4.14	2.16522
4.16	2.15678
4.18	2.1484
4.2	2.14007
4.22	2.13179
4.24	2.12357
4.26	2.11541
4.28	2.1073
4.3	2.09924
4.32	2.09123
4.34	2.08328
4.36	2.07538
4.38	2.06753
4.4	2.05973
4.42	2.05199
4.44	2.0443
4.46	2.03666
4.48	2.02907
4.5	2.02153
4.52	2.01404
4.54	2.0066
4.56	1.99921
4.58	1.99187
4.6	1.98458
4.62	1.97734
4.64	1.97014
4.66	1.963
4.68	1.9559
4.7	1.94885
4.72	1.94185
4.74	1.9349
4.76	1.92799
4.78	1.92113
4.8	1.91431
4.82	1.90754
4.84	1.90082
4.86	1.89414
4.88	1.88751
4.9	1.88092
4.92	1.87437
4.94	1.86787
4.96	1.86141
4.98	1.855
5	1.84863
5.02	1.8423
5.04	1.83601
5.06	1.82977
5.08	1.82357
5.1	1.81741
5.12	1.81128
5.14	1.80521
5.16	1.79917
5.18	1.79317
5.2	1.78721
5.22	1.78129
5.24	1.77541
5.26	1.76957
5.28	1.76376
5.3	1.758
5.32	1.75227
5.34	1.74658
5.36	1.74093
5.38	1.73531
5.4	1.72974
5.42	1.7242
5.44	1.71869
5.46	1.71322
5.48	1.70779
5.5	1.70239
5.52	1.69702
5.54	1.69169
5.56	1.6864
5.58	1.68114
5.6	1.67591
5.62	1.67072
5.64	1.66556
5.66	1.66043
5.68	1.65534
5.7	1.65028
5.72	1.64525
5.74	1.64025
5.76	1.63529
5.78	1.63035
5.8	1.62545
5.82	1.62058
5.84	1.61574
5.86	1.61092
5.88	1.60614
5.9	1.60139
5.92	1.59667
5.94	1.59198
5.96	1.58732
5.98	1.58268
6	1.57808
6.02	1.5735
6.04	1.56895
6.06	1.56443
6.08	1.55994
6.1	1.55547
6.12	1.55103
6.14	1.54662
6.16	1.54223
6.18	1.53787
6.2	1.53354
6.22	1.52924
6.24	1.52496
6.26	1.5207
6.28	1.51647
6.3	1.51227
6.32	1.50809
6.34	1.50393
6.36	1.4998
6.38	1.4957
6.4	1.49162
6.42	1.48756
6.44	1.48353
6.46	1.47952
6.48	1.47553
6.5	1.47157
6.52	1.46762
6.54	1.46371
6.56	1.45981
6.58	1.45594
6.6	1.45209
6.62	1.44826
6.64	1.44445
6.66	1.44067
6.68	1.4369
6.7	1.43316
6.72	1.42944
6.74	1.42574
6.76	1.42206
6.78	1.4184
6.8	1.41476
6.82	1.41114
6.84	1.40754
6.86	1.40396
6.88	1.40041
6.9	1.39687
6.92	1.39335
6.94	1.38985
6.96	1.38636
6.98	1.3829
7	1.37946
7.02	1.37603
7.04	1.37262
7.06	1.36924
7.08	1.36587
7.1	1.36251
7.12	1.35918
7.14	1.35586
7.16	1.35256
7.18	1.34928
7.2	1.34602
7.22	1.34277
7.24	1.33954
7.26	1.33633
7.28	1.33313
7.3	1.32995
7.32	1.32679
7.34	1.32364
7.36	1.32051
7.38	1.31739
7.4	1.31429
7.42	1.31121
7.44	1.30814
7.46	1.30509
7.48	1.30206
7.5	1.29903
7.52	1.29603
7.54	1.29304
7.56	1.29006
7.58	1.2871
7.6	1.28416
7.62	1.28122
7.64	1.27831
7.66	1.2754
7.68	1.27252
7.7	1.26964
7.72	1.26678
7.74	1.26394
7.76	1.2611
7.78	1.25828
7.8	1.25548
7.82	1.25269
7.84	1.24991
7.86	1.24715
7.88	1.24439
7.9	1.24166
7.92	1.23893
7.94	1.23622
7.96	1.23352
7.98	1.23083
8	1.22816
8.02	1.2255
8.04	1.22285
8.06	1.22021
8.08	1.21759
8.1	1.21497
8.12	1.21237
8.14	1.20978
8.16	1.20721
8.18	1.20464
8.2	1.20209
8.22	1.19955
8.24	1.19702
8.26	1.1945
8.28	1.192
8.3	1.1895
8.32	1.18702
8.34	1.18454
8.36	1.18208
8.38	1.17963
8.4	1.17719
8.42	1.17476
8.44	1.17234
8.46	1.16993
8.48	1.16754
8.5	1.16515
8.52	1.16277
8.54	1.16041
8.56	1.15805
8.58	1.1557
8.6	1.15337
8.62	1.15104
8.64	1.14873
8.66	1.14642
8.68	1.14413
8.7	1.14184
8.72	1.13957
8.74	1.1373
8.76	1.13504
8.78	1.13279
8.8	1.13056
8.82	1.12833
8.84	1.12611
8.86	1.1239
8.88	1.1217
8.9	1.11951
8.92	1.11733
8.94	1.11515
8.96	1.11299
8.98	1.11083
9	1.10869
9.02	1.10655
9.04	1.10442
9.06	1.1023
9.08	1.10019
9.1	1.09808
9.12	1.09599
9.14	1.0939
9.16	1.09182
9.18	1.08975
9.2	1.08769
9.22	1.08564
9.24	1.08359
9.26	1.08156
9.28	1.07953
9.3	1.07751
9.32	1.07549
9.34	1.07349
9.36	1.07149
9.38	1.0695
9.4	1.06752
9.42	1.06555
9.44	1.06358
9.46	1.06162
9.48	1.05967
9.5	1.05773
9.52	1.05579
9.54	1.05386
9.56	1.05194
9.58	1.05003
9.6	1.04812
9.62	1.04622
9.64	1.04433
9.66	1.04244
9.68	1.04056
9.7	1.03869
9.72	1.03683
9.74	1.03497
9.76	1.03312
9.78	1.03128
9.8	1.02944
9.82	1.02761
9.84	1.02579
9.86	1.02397
9.88	1.02216
9.9	1.02036
9.92	1.01856
9.94	1.01677
9.96	1.01499
9.98	1.01321
10	1.01144
10.02	1.00968
10.04	1.00792
10.06	1.00617
10.08	1.00442
10.1	1.00269
10.12	1.00095
10.14	0.999227
10.16	0.997507
10.18	0.995793
10.2	0.994084
10.22	0.992382
10.24	0.990686
10.26	0.988996
10.28	0.987312
10.3	0.985634
10.32	0.983961
10.34	0.982295
10.36	0.980634
10.38	0.978979
10.4	0.977329
10.42	0.975686
10.44	0.974048
10.46	0.972415
10.48	0.970789
10.5	0.969167
10.52	0.967552
10.54	0.965942
10.56	0.964337
10.58	0.962738
10.6	0.961144
10.62	0.959555
10.64	0.957972
10.66	0.956395
10.68	0.954822
10.7	0.953255
10.72	0.951693
10.74	0.950136
10.76	0.948585
10.78	0.947038
10.8	0.945497
10.82	0.943961
10.84	0.94243
10.86	0.940904
10.88	0.939382
10.9	0.937866
10.92	0.936355
10.94	0.934849
10.96	0.933348
10.98	0.931851
11	0.93036
11.02	0.928873
11.04	0.927391
11.06	0.925914
11.08	0.924442
11.1	0.922974
11.12	0.921511
11.14	0.920053
11.16	0.918599
11.18	0.91715
11.2	0.915706
11.22	0.914266
11.24	0.912831
11.26	0.9114
11.28	0.909974
11.3	0.908552
11.32	0.907135
11.34	0.905722
11.36	0.904314
11.38	0.90291
11.4	0.90151
11.42	0.900115
11.44	0.898724
11.46	0.897337
11.48	0.895955
11.5	0.894577
11.52	0.893203
11.54	0.891834
11.56	0.890468
11.58	0.889107
11.6	0.88775
11.62	0.886397
11.64	0.885049
11.66	0.883704
11.68	0.882363
11.7	0.881027
11.72	0.879694
11.74	0.878366
11.76	0.877041
11.78	0.875721
11.8	0.874404
11.82	0.873092
11.84	0.871783
11.86	0.870478
11.88	0.869177
11.9	0.86788
11.92	0.866587
11.94	0.865298
11.96	0.864013
11.98	0.862731
12	0.861453
12.02	0.860179
12.04	0.858908
12.06	0.857642
12.08	0.856379
12.1	0.855119
12.12	0.853864
12.14	0.852612
12.16	0.851363
12.18	0.850118
12.2	0.848877
12.22	0.84764
12.24	0.846406
12.26	0.845175
12.28	0.843948
12.3	0.842725
12.32	0.841505
12.34	0.840289
12.36	0.839076
12.38	0.837866
12.4	0.83666
12.42	0.835457
12.44	0.834258
12.46	0.833062
12.48	0.83187
12.5	0.830681
12.52	0.829495
12.54	0.828313
12.56	0.827134
12.58	0.825958
12.6	0.824785
12.62	0.823616
12.64	0.82245
12.66	0.821287
12.68	0.820128
12.7	0.818972
12.72	0.817818
12.74	0.816669
12.76	0.815522
12.78	0.814378
12.8	0.813238
12.82	0.8121
12.84	0.810966
12.86	0.809835
12.88	0.808707
12.9	0.807582
12.92	0.80646
12.94	0.805342
12.96	0.804226
12.98	0.803113
13	0.802003
13.02	0.800896
13.04	0.799793
13.06	0.798692
13.08	0.797594
13.1	0.796499
13.12	0.795407
13.14	0.794318
13.16	0.793232
13.18	0.792149
13.2	0.791068
13.22	0.789991
13.24	0.788916
13.26	0.787844
13.28	0.786775
13.3	0.785709
13.32	0.784646
13.34	0.783585
13.36	0.782527
13.38	0.781472
13.4	0.78042
13.42	0.779371
13.44	0.778324
13.46	0.77728
13.48	0.776239
13.5	0.7752
13.52	0.774164
13.54	0.773131
13.56	0.772101
13.58	0.771073
13.6	0.770048
13.62	0.769025
13.64	0.768005
13.66	0.766988
13.68	0.765973
13.7	0.764961
13.72	0.763951
13.74	0.762944
13.76	0.76194
13.78	0.760938
13.8	0.759939
13.82	0.758942
13.84	0.757948
13.86	0.756956
13.88	0.755967
13.9	0.75498
13.92	0.753996
13.94	0.753014
13.96	0.752035
13.98	0.751058
14	0.750084
14.02	0.749112
14.04	0.748142
14.06	0.747175
14.08	0.746211
14.1	0.745248
14.12	0.744288
14.14	0.743331
14.16	0.742376
14.18	0.741423
14.2	0.740473
14.22	0.739524
14.24	0.738579
14.26	0.737635
14.28	0.736694
14.3	0.735755
14.32	0.734819
14.34	0.733885
14.36	0.732953
14.38	0.732023
14.4	0.731096
14.42	0.73017
14.44	0.729247
14.46	0.728327
14.48	0.727408
14.5	0.726492
14.52	0.725578
14.54	0.724666
14.56	0.723757
14.58	0.722849
14.6	0.721944
14.62	0.721041
14.64	0.72014
14.66	0.719241
14.68	0.718344
14.7	0.71745
14.72	0.716558
14.74	0.715667
14.76	0.714779
14.78	0.713893
14.8	0.713009
14.82	0.712127
14.84	0.711248
14.86	0.71037
14.88	0.709494
14.9	0.708621
14.92	0.707749
14.94	0.70688
14.96	0.706012
14.98	0.705147
15	0.704284
15.02	0.703422
15.04	0.702563
15.06	0.701706
15.08	0.70085
15.1	0.699997
15.12	0.699145
15.14	0.698296
15.16	0.697449
15.18	0.696603
15.2	0.695759
15.22	0.694918
15.24	0.694078
15.26	0.69324
15.28	0.692405
15.3	0.691571
15.32	0.690739
15.34	0.689909
15.36	0.68908
15.38	0.688254
15.4	0.68743
15.42	0.686607
15.44	0.685786
15.46	0.684968
15.48	0.684151
15.5	0.683335
15.52	0.682522
15.54	0.681711
15.56	0.680901
15.58	0.680093
15.6	0.679287
15.62	0.678483
15.64	0.677681
15.66	0.67688
15.68	0.676081
15.7	0.675284
15.72	0.674489
15.74	0.673696
15.76	0.672904
15.78	0.672114
15.8	0.671326
15.82	0.670539
15.84	0.669755
15.86	0.668972
15.88	0.66819
15.9	0.667411
15.92	0.666633
15.94	0.665857
15.96	0.665083
15.98	0.66431
16	0.663539
16.02	0.66277
16.04	0.662002
16.06	0.661236
16.08	0.660472
16.1	0.659709
16.12	0.658948
16.14	0.658189
16.16	0.657431
16.18	0.656675
16.2	0.655921
16.22	0.655168
16.24	0.654417
16.26	0.653668
16.28	0.65292
16.3	0.652174
16.32	0.651429
16.34	0.650686
16.36	0.649945
16.38	0.649205
16.4	0.648467
16.42	0.64773
16.44	0.646995
16.46	0.646261
16.48	0.645529
16.5	0.644799
16.52	0.64407
16.54	0.643343
16.56	0.642617
16.58	0.641893
16.6	0.64117
16.62	0.640449
16.64	0.639729
16.66	0.639011
16.68	0.638294
16.7	0.637579
16.72	0.636865
16.74	0.636153
16.76	0.635443
16.78	0.634733
16.8	0.634026
16.82	0.63332
16.84	0.632615
16.86	0.631912
16.88	0.63121
16.9	0.63051
16.92	0.629811
16.94	0.629113
16.96	0.628417
16.98	0.627723
17	0.62703
17.02	0.626338
17.04	0.625648
17.06	0.624959
17.08	0.624272
17.1	0.623586
17.12	0.622901
17.14	0.622218
17.16	0.621536
17.18	0.620856
17.2	0.620177
17.22	0.619499
17.24	0.618823
17.26	0.618148
17.28	0.617475
17.3	0.616803
17.32	0.616132
17.34	0.615463
17.36	0.614795
17.38	0.614128
17.4	0.613463
17.42	0.612799
17.44	0.612136
17.46	0.611475
17.48	0.610815
17.5	0.610156
17.52	0.609499
17.54	0.608843
17.56	0.608188
17.58	0.607535
17.6	0.606883
17.62	0.606232
17.64	0.605583
17.66	0.604935
17.68	0.604288
17.7	0.603642
17.72	0.602998
17.74	0.602355
17.76	0.601713
17.78	0.601073
17.8	0.600434
17.82	0.599796
17.84	0.599159
17.86	0.598524
17.88	0.59789
17.9	0.597257
17.92	0.596625
17.94	0.595995
17.96	0.595365
17.98	0.594737
18	0.594111
18.02	0.593485
18.04	0.592861
18.06	0.592238
18.08	0.591616
18.1	0.590996
18.12	0.590376
18.14	0.589758
18.16	0.589141
18.18	0.588525
18.2	0.58791
18.22	0.587297
18.24	0.586685
18.26	0.586074
18.28	0.585464
18.3	0.584855
18.32	0.584248
18.34	0.583641
18.36	0.583036
18.38	0.582432
18.4	0.581829
18.42	0.581228
18.44	0.580627
18.46	0.580028
18.48	0.579429
18.5	0.578832
18.52	0.578236
18.54	0.577641
18.56	0.577048
18.58	0.576455
18.6	0.575864
18.62	0.575273
18.64	0.574684
18.66	0.574096
18.68	0.573509
18.7	0.572923
18.72	0.572338
18.74	0.571755
18.76	0.571172
18.78	0.570591
18.8	0.57001
18.82	0.569431
18.84	0.568853
18.86	0.568276
18.88	0.5677
18.9	0.567125
18.92	0.566551
18.94	0.565978
18.96	0.565406
18.98	0.564836
19	0.564266
19.02	0.563697
19.04	0.56313
19.06	0.562563
19.08	0.561998
19.1	0.561434
19.12	0.56087
19.14	0.560308
19.16	0.559747
19.18	0.559187
19.2	0.558628
19.22	0.558069
19.24	0.557512
19.26	0.556956
19.28	0.556401
19.3	0.555847
19.32	0.555294
19.34	0.554742
19.36	0.554191
19.38	0.553641
19.4	0.553092
19.42	0.552544
19.44	0.551997
19.46	0.551451
19.48	0.550906
19.5	0.550362
19.52	0.549819
19.54	0.549277
19.56	0.548736
19.58	0.548196
19.6	0.547657
19.62	0.547119
19.64	0.546582
19.66	0.546046
19.68	0.545511
19.7	0.544976
19.72	0.544443
19.74	0.543911
19.76	0.543379
19.78	0.542849
19.8	0.54232
19.82	0.541791
19.84	0.541263
19.86	0.540737
19.88	0.540211
19.9	0.539686
19.92	0.539163
19.94	0.53864
19.96	0.538118
19.98	0.537597
20	0.537077
