19.98	-1.48621e-07
19.96	-7.7327e-08
19.94	-6.03073e-08
19.92	-5.22382e-08
19.9	-4.74909e-08
19.88	-4.43845e-08
19.86	-4.22329e-08
19.84	-4.06919e-08
19.82	-3.95683e-08
19.8	-3.87468e-08
19.78	-3.81539e-08
19.76	-3.77298e-08
19.74	-3.74545e-08
19.72	-3.72835e-08
19.7	-3.72213e-08
19.68	-3.7228e-08
19.66	-3.73079e-08
19.64	-3.745e-08
19.62	-3.7641e-08
19.6	-3.78919e-08
19.58	-3.81783e-08
19.56	-3.8507e-08
19.54	-3.88645e-08
19.52	-3.92686e-08
19.5	-3.96949e-08
19.48	-4.01568e-08
19.46	-4.0643e-08
19.44	-4.11626e-08
19.42	-4.17089e-08
19.4	-4.22773e-08
19.38	-4.28768e-08
19.36	-4.34919e-08
19.34	-4.4138e-08
19.32	-4.48042e-08
19.3	-4.54947e-08
19.28	-4.62075e-08
19.26	-4.69447e-08
19.24	-4.77085e-08
19.22	-4.84857e-08
19.2	-4.92917e-08
19.18	-5.01243e-08
19.16	-5.09726e-08
19.14	-5.18474e-08
19.12	-5.27445e-08
19.1	-5.36682e-08
19.08	-5.46074e-08
19.06	-5.55778e-08
19.04	-5.65659e-08
19.02	-5.75828e-08
19	-5.86242e-08
18.98	-5.96856e-08
18.96	-6.07736e-08
18.94	-6.18927e-08
18.92	-6.30318e-08
18.9	-6.41931e-08
18.88	-6.53921e-08
18.86	-6.66089e-08
18.84	-6.78568e-08
18.82	-6.91358e-08
18.8	-7.0437e-08
18.78	-7.17693e-08
18.76	-7.31282e-08
18.74	-7.45182e-08
18.72	-7.59415e-08
18.7	-7.73892e-08
18.68	-7.88725e-08
18.66	-8.03846e-08
18.64	-8.193e-08
18.62	-8.35132e-08
18.6	-8.51275e-08
18.58	-8.6775e-08
18.56	-8.84581e-08
18.54	-9.01768e-08
18.52	-9.19309e-08
18.5	-9.37228e-08
18.48	-9.55458e-08
18.46	-9.74132e-08
18.44	-9.93183e-08
18.42	-1.01268e-07
18.4	-1.03249e-07
18.38	-1.05276e-07
18.36	-1.07343e-07
18.34	-1.09455e-07
18.32	-1.11611e-07
18.3	-1.13809e-07
18.28	-1.16056e-07
18.26	-1.18345e-07
18.24	-1.20686e-07
18.22	-1.23073e-07
18.2	-1.25508e-07
18.18	-1.27995e-07
18.16	-1.30531e-07
18.14	-1.33118e-07
18.12	-1.35763e-07
18.1	-1.38458e-07
18.08	-1.41207e-07
18.06	-1.44014e-07
18.04	-1.46885e-07
18.02	-1.49811e-07
18	-1.52791e-07
17.98	-1.55833e-07
17.96	-1.58942e-07
17.94	-1.6211e-07
17.92	-1.65346e-07
17.9	-1.68643e-07
17.88	-1.72011e-07
17.86	-1.75451e-07
17.84	-1.7895e-07
17.82	-1.82532e-07
17.8	-1.86182e-07
17.78	-1.89908e-07
17.76	-1.93707e-07
17.74	-1.97582e-07
17.72	-2.01541e-07
17.7	-2.05578e-07
17.68	-2.09694e-07
17.66	-2.13898e-07
17.64	-2.18185e-07
17.62	-2.22562e-07
17.6	-2.27025e-07
17.58	-2.31577e-07
17.56	-2.36227e-07
17.54	-2.40967e-07
17.52	-2.45803e-07
17.5	-2.50735e-07
17.48	-2.55773e-07
17.46	-2.60907e-07
17.44	-2.66152e-07
17.42	-2.71496e-07
17.4	-2.7695e-07
17.38	-2.82518e-07
17.36	-2.88203e-07
17.34	-2.93996e-07
17.32	-2.99902e-07
17.3	-3.05935e-07
17.28	-3.1209e-07
17.26	-3.18365e-07
17.24	-3.24769e-07
17.22	-3.31306e-07
17.2	-3.37976e-07
17.18	-3.44775e-07
17.16	-3.51714e-07
17.14	-3.58793e-07
17.12	-3.66021e-07
17.1	-3.7339e-07
17.08	-3.80906e-07
17.06	-3.8858e-07
17.04	-3.96407e-07
17.02	-4.04388e-07
17	-4.12539e-07
16.98	-4.20846e-07
16.96	-4.29325e-07
16.94	-4.37974e-07
16.92	-4.468e-07
16.9	-4.55807e-07
16.88	-4.64988e-07
16.86	-4.74361e-07
16.84	-4.8392e-07
16.82	-4.93681e-07
16.8	-5.03635e-07
16.78	-5.13785e-07
16.76	-5.24139e-07
16.74	-5.34708e-07
16.72	-5.45493e-07
16.7	-5.5649e-07
16.68	-5.67708e-07
16.66	-5.79159e-07
16.64	-5.90841e-07
16.62	-6.02758e-07
16.6	-6.14915e-07
16.58	-6.27316e-07
16.56	-6.39973e-07
16.54	-6.52878e-07
16.52	-6.66052e-07
16.5	-6.79488e-07
16.48	-6.93192e-07
16.46	-7.07181e-07
16.44	-7.2145e-07
16.42	-7.36007e-07
16.4	-7.50859e-07
16.38	-7.66007e-07
16.36	-7.81464e-07
16.34	-7.97233e-07
16.32	-8.13318e-07
16.3	-8.29736e-07
16.28	-8.46478e-07
16.26	-8.63563e-07
16.24	-8.80989e-07
16.22	-8.98774e-07
16.2	-9.16915e-07
16.18	-9.35421e-07
16.16	-9.54306e-07
16.14	-9.73563e-07
16.12	-9.93214e-07
16.1	-1.01326e-06
16.08	-1.03372e-06
16.06	-1.05458e-06
16.04	-1.07587e-06
16.02	-1.09759e-06
16	-1.11975e-06
15.98	-1.14236e-06
15.96	-1.16541e-06
15.94	-1.18894e-06
15.92	-1.21295e-06
15.9	-1.23744e-06
15.88	-1.26242e-06
15.86	-1.28791e-06
15.84	-1.31391e-06
15.82	-1.34044e-06
15.8	-1.36751e-06
15.78	-1.39512e-06
15.76	-1.42329e-06
15.74	-1.45203e-06
15.72	-1.48134e-06
15.7	-1.51126e-06
15.68	-1.54178e-06
15.66	-1.57291e-06
15.64	-1.60467e-06
15.62	-1.63707e-06
15.6	-1.67013e-06
15.58	-1.70385e-06
15.56	-1.73826e-06
15.54	-1.77337e-06
15.52	-1.80918e-06
15.5	-1.84571e-06
15.48	-1.88298e-06
15.46	-1.92101e-06
15.44	-1.95981e-06
15.42	-1.99939e-06
15.4	-2.03976e-06
15.38	-2.08096e-06
15.36	-2.12298e-06
15.34	-2.16586e-06
15.32	-2.2096e-06
15.3	-2.25422e-06
15.28	-2.29975e-06
15.26	-2.3462e-06
15.24	-2.39358e-06
15.22	-2.44193e-06
15.2	-2.49124e-06
15.18	-2.54156e-06
15.16	-2.59289e-06
15.14	-2.64526e-06
15.12	-2.69869e-06
15.1	-2.75319e-06
15.08	-2.8088e-06
15.06	-2.86553e-06
15.04	-2.92341e-06
15.02	-2.98245e-06
15	-3.04269e-06
14.98	-3.10415e-06
14.96	-3.16684e-06
14.94	-3.2308e-06
14.92	-3.29606e-06
14.9	-3.36264e-06
14.88	-3.43055e-06
14.86	-3.49985e-06
14.84	-3.57054e-06
14.82	-3.64266e-06
14.8	-3.71624e-06
14.78	-3.7913e-06
14.76	-3.86787e-06
14.74	-3.946e-06
14.72	-4.02571e-06
14.7	-4.10702e-06
14.68	-4.18998e-06
14.66	-4.27461e-06
14.64	-4.36095e-06
14.62	-4.44904e-06
14.6	-4.53891e-06
14.58	-4.63059e-06
14.56	-4.72413e-06
14.54	-4.81955e-06
14.52	-4.9169e-06
14.5	-5.01622e-06
14.48	-5.11755e-06
14.46	-5.22092e-06
14.44	-5.32638e-06
14.42	-5.43397e-06
14.4	-5.54373e-06
14.38	-5.65572e-06
14.36	-5.76996e-06
14.34	-5.88651e-06
14.32	-6.00542e-06
14.3	-6.12673e-06
14.28	-6.25049e-06
14.26	-6.37674e-06
14.24	-6.50556e-06
14.22	-6.63697e-06
14.2	-6.77103e-06
14.18	-6.90781e-06
14.16	-7.04735e-06
14.14	-7.18971e-06
14.12	-7.33494e-06
14.1	-7.48311e-06
14.08	-7.63427e-06
14.06	-7.78848e-06
14.04	-7.94581e-06
14.02	-8.10632e-06
14	-8.27007e-06
13.98	-8.43713e-06
13.96	-8.60756e-06
13.94	-8.78144e-06
13.92	-8.95883e-06
13.9	-9.1398e-06
13.88	-9.32443e-06
13.86	-9.51278e-06
13.84	-9.70495e-06
13.82	-9.90099e-06
13.8	-1.0101e-05
13.78	-1.0305e-05
13.76	-1.05132e-05
13.74	-1.07256e-05
13.72	-1.09422e-05
13.7	-1.11633e-05
13.68	-1.13888e-05
13.66	-1.16189e-05
13.64	-1.18536e-05
13.62	-1.2093e-05
13.6	-1.23373e-05
13.58	-1.25865e-05
13.56	-1.28408e-05
13.54	-1.31002e-05
13.52	-1.33648e-05
13.5	-1.36348e-05
13.48	-1.39102e-05
13.46	-1.41912e-05
13.44	-1.44779e-05
13.42	-1.47704e-05
13.4	-1.50687e-05
13.38	-1.53731e-05
13.36	-1.56837e-05
13.34	-1.60005e-05
13.32	-1.63237e-05
13.3	-1.66535e-05
13.28	-1.69899e-05
13.26	-1.73331e-05
13.24	-1.76832e-05
13.22	-1.80405e-05
13.2	-1.84049e-05
13.18	-1.87767e-05
13.16	-1.9156e-05
13.14	-1.9543e-05
13.12	-1.99378e-05
13.1	-2.03405e-05
13.08	-2.07514e-05
13.06	-2.11706e-05
13.04	-2.15983e-05
13.02	-2.20346e-05
13	-2.24797e-05
12.98	-2.29338e-05
12.96	-2.33971e-05
12.94	-2.38698e-05
12.92	-2.43519e-05
12.9	-2.48439e-05
12.88	-2.53458e-05
12.86	-2.58578e-05
12.84	-2.63801e-05
12.82	-2.6913e-05
12.8	-2.74567e-05
12.78	-2.80113e-05
12.76	-2.85772e-05
12.74	-2.91545e-05
12.72	-2.97434e-05
12.7	-3.03443e-05
12.68	-3.09573e-05
12.66	-3.15827e-05
12.64	-3.22207e-05
12.62	-3.28715e-05
12.6	-3.35356e-05
12.58	-3.4213e-05
12.56	-3.49042e-05
12.54	-3.56093e-05
12.52	-3.63286e-05
12.5	-3.70625e-05
12.48	-3.78112e-05
12.46	-3.8575e-05
12.44	-3.93543e-05
12.42	-4.01493e-05
12.4	-4.09604e-05
12.38	-4.17878e-05
12.36	-4.2632e-05
12.34	-4.34932e-05
12.32	-4.43718e-05
12.3	-4.52681e-05
12.28	-4.61826e-05
12.26	-4.71155e-05
12.24	-4.80673e-05
12.22	-4.90383e-05
12.2	-5.0029e-05
12.18	-5.10396e-05
12.16	-5.20707e-05
12.14	-5.31225e-05
12.12	-5.41957e-05
12.1	-5.52905e-05
12.08	-5.64074e-05
12.06	-5.75469e-05
12.04	-5.87094e-05
12.02	-5.98954e-05
12	-6.11054e-05
11.98	-6.23398e-05
11.96	-6.35991e-05
11.94	-6.48839e-05
11.92	-6.61946e-05
11.9	-6.75318e-05
11.88	-6.8896e-05
11.86	-7.02878e-05
11.84	-7.17077e-05
11.82	-7.31562e-05
11.8	-7.46341e-05
11.78	-7.61417e-05
11.76	-7.76799e-05
11.74	-7.92491e-05
11.72	-8.085e-05
11.7	-8.24833e-05
11.68	-8.41495e-05
11.66	-8.58494e-05
11.64	-8.75837e-05
11.62	-8.9353e-05
11.6	-9.1158e-05
11.58	-9.29995e-05
11.56	-9.48781e-05
11.54	-9.67948e-05
11.52	-9.87501e-05
11.5	-0.000100745
11.48	-0.00010278
11.46	-0.000104856
11.44	-0.000106975
11.42	-0.000109136
11.4	-0.00011134
11.38	-0.000113589
11.36	-0.000115884
11.34	-0.000118225
11.32	-0.000120613
11.3	-0.00012305
11.28	-0.000125535
11.26	-0.000128071
11.24	-0.000130659
11.22	-0.000133298
11.2	-0.000135991
11.18	-0.000138738
11.16	-0.000141541
11.14	-0.0001444
11.12	-0.000147317
11.1	-0.000150293
11.08	-0.000153329
11.06	-0.000156426
11.04	-0.000159586
11.02	-0.00016281
11	-0.000166099
10.98	-0.000169454
10.96	-0.000172877
10.94	-0.000176369
10.92	-0.000179932
10.9	-0.000183567
10.88	-0.000187275
10.86	-0.000191058
10.84	-0.000194918
10.82	-0.000198855
10.8	-0.000202872
10.78	-0.00020697
10.76	-0.000211151
10.74	-0.000215417
10.72	-0.000219768
10.7	-0.000224208
10.68	-0.000228737
10.66	-0.000233358
10.64	-0.000238072
10.62	-0.000242881
10.6	-0.000247787
10.58	-0.000252793
10.56	-0.000257899
10.54	-0.000263109
10.52	-0.000268424
10.5	-0.000273846
10.48	-0.000279378
10.46	-0.000285022
10.44	-0.000290779
10.42	-0.000296653
10.4	-0.000302646
10.38	-0.000308759
10.36	-0.000314996
10.34	-0.000321359
10.32	-0.000327851
10.3	-0.000334474
10.28	-0.00034123
10.26	-0.000348123
10.24	-0.000355155
10.22	-0.000362329
10.2	-0.000369649
10.18	-0.000377116
10.16	-0.000384733
10.14	-0.000392505
10.12	-0.000400434
10.1	-0.000408523
10.08	-0.000416775
10.06	-0.000425194
10.04	-0.000433783
10.02	-0.000442545
10	-0.000451485
9.98	-0.000460605
9.96	-0.000469909
9.94	-0.000479401
9.92	-0.000489085
9.9	-0.000498964
9.88	-0.000509043
9.86	-0.000519326
9.84	-0.000529816
9.82	-0.000540518
9.8	-0.000551437
9.78	-0.000562575
9.76	-0.000573939
9.74	-0.000585533
9.72	-0.00059736
9.7	-0.000609427
9.68	-0.000621737
9.66	-0.000634296
9.64	-0.000647108
9.62	-0.000660179
9.6	-0.000673515
9.58	-0.000687119
9.56	-0.000700998
9.54	-0.000715158
9.52	-0.000729604
9.5	-0.000744341
9.48	-0.000759376
9.46	-0.000774715
9.44	-0.000790364
9.42	-0.000806328
9.4	-0.000822615
9.38	-0.000839231
9.36	-0.000856183
9.34	-0.000873477
9.32	-0.00089112
9.3	-0.000909119
9.28	-0.000927482
9.26	-0.000946216
9.24	-0.000965328
9.22	-0.000984826
9.2	-0.00100472
9.18	-0.00102501
9.16	-0.00104572
9.14	-0.00106684
9.12	-0.00108839
9.1	-0.00111037
9.08	-0.0011328
9.06	-0.00115568
9.04	-0.00117902
9.02	-0.00120283
9	-0.00122713
8.98	-0.00125191
8.96	-0.0012772
8.94	-0.00130299
8.92	-0.00132931
8.9	-0.00135616
8.88	-0.00138355
8.86	-0.0014115
8.84	-0.00144
8.82	-0.00146909
8.8	-0.00149876
8.78	-0.00152903
8.76	-0.00155991
8.74	-0.00159142
8.72	-0.00162356
8.7	-0.00165635
8.68	-0.0016898
8.66	-0.00172393
8.64	-0.00175875
8.62	-0.00179427
8.6	-0.0018305
8.58	-0.00186747
8.56	-0.00190519
8.54	-0.00194366
8.52	-0.00198292
8.5	-0.00202296
8.48	-0.00206382
8.46	-0.0021055
8.44	-0.00214802
8.42	-0.0021914
8.4	-0.00223565
8.38	-0.0022808
8.36	-0.00232686
8.34	-0.00237385
8.32	-0.00242179
8.3	-0.0024707
8.28	-0.00252059
8.26	-0.00257149
8.24	-0.00262342
8.22	-0.00267639
8.2	-0.00273044
8.18	-0.00278558
8.16	-0.00284183
8.14	-0.00289921
8.12	-0.00295776
8.1	-0.00301748
8.08	-0.00307841
8.06	-0.00314057
8.04	-0.00320399
8.02	-0.00326868
8	-0.00333468
7.98	-0.00340202
7.96	-0.00347071
7.94	-0.00354078
7.92	-0.00361228
7.9	-0.00368521
7.88	-0.00375962
7.86	-0.00383553
7.84	-0.00391297
7.82	-0.00399197
7.8	-0.00407256
7.78	-0.00415479
7.76	-0.00423867
7.74	-0.00432424
7.72	-0.00441154
7.7	-0.00450061
7.68	-0.00459147
7.66	-0.00468416
7.64	-0.00477872
7.62	-0.00487519
7.6	-0.00497361
7.58	-0.00507401
7.56	-0.00517644
7.54	-0.00528093
7.52	-0.00538753
7.5	-0.00549628
7.48	-0.00560722
7.46	-0.0057204
7.44	-0.00583587
7.42	-0.00595366
7.4	-0.00607383
7.38	-0.00619642
7.36	-0.00632149
7.34	-0.00644907
7.32	-0.00657923
7.3	-0.00671201
7.28	-0.00684747
7.26	-0.00698567
7.24	-0.00712664
7.22	-0.00727046
7.2	-0.00741718
7.18	-0.00756686
7.16	-0.00771955
7.14	-0.00787532
7.12	-0.00803423
7.1	-0.00819635
7.08	-0.00836173
7.06	-0.00853044
7.04	-0.00870256
7.02	-0.00887814
7	-0.00905726
6.98	-0.00923999
6.96	-0.0094264
6.94	-0.00961657
6.92	-0.00981057
6.9	-0.0100085
6.88	-0.0102104
6.86	-0.0104163
6.84	-0.0106264
6.82	-0.0108408
6.8	-0.0110594
6.78	-0.0112825
6.76	-0.01151
6.74	-0.0117422
6.72	-0.011979
6.7	-0.0122205
6.68	-0.012467
6.66	-0.0127184
6.64	-0.0129748
6.62	-0.0132364
6.6	-0.0135033
6.58	-0.0137756
6.56	-0.0140533
6.54	-0.0143366
6.52	-0.0146257
6.5	-0.0149205
6.48	-0.0152213
6.46	-0.0155281
6.44	-0.0158411
6.42	-0.0161603
6.4	-0.016486
6.38	-0.0168183
6.36	-0.0171572
6.34	-0.0175029
6.32	-0.0178556
6.3	-0.0182154
6.28	-0.0185824
6.26	-0.0189568
6.24	-0.0193387
6.22	-0.0197283
6.2	-0.0201257
6.18	-0.0205311
6.16	-0.0209446
6.14	-0.0213664
6.12	-0.0217967
6.1	-0.0222357
6.08	-0.0226834
6.06	-0.0231401
6.04	-0.023606
6.02	-0.0240813
6	-0.0245661
5.98	-0.0250606
5.96	-0.025565
5.94	-0.0260795
5.92	-0.0266044
5.9	-0.0271398
5.88	-0.0276859
5.86	-0.0282429
5.84	-0.0288111
5.82	-0.0293907
5.8	-0.029982
5.78	-0.030585
5.76	-0.0312001
5.74	-0.0318276
5.72	-0.0324676
5.7	-0.0331204
5.68	-0.0337863
5.66	-0.0344655
5.64	-0.0351582
5.62	-0.0358649
5.6	-0.0365856
5.58	-0.0373208
5.56	-0.0380707
5.54	-0.0388355
5.52	-0.0396156
5.5	-0.0404113
5.48	-0.0412229
5.46	-0.0420507
5.44	-0.0428951
5.42	-0.0437562
5.4	-0.0446346
5.38	-0.0455304
5.36	-0.0464441
5.34	-0.0473761
5.32	-0.0483266
5.3	-0.049296
5.28	-0.0502848
5.26	-0.0512932
5.24	-0.0523217
5.22	-0.0533707
5.2	-0.0544405
5.18	-0.0555316
5.16	-0.0566444
5.14	-0.0577793
5.12	-0.0589368
5.1	-0.0601173
5.08	-0.0613211
5.06	-0.0625489
5.04	-0.0638011
5.02	-0.065078
5	-0.0663803
4.98	-0.0677084
4.96	-0.0690628
4.94	-0.070444
4.92	-0.0718526
4.9	-0.073289
4.88	-0.0747538
4.86	-0.0762476
4.84	-0.0777709
4.82	-0.0793243
4.8	-0.0809084
4.78	-0.0825237
4.76	-0.0841709
4.74	-0.0858505
4.72	-0.0875632
4.7	-0.0893097
4.68	-0.0910905
4.66	-0.0929064
4.64	-0.094758
4.62	-0.096646
4.6	-0.098571
4.58	-0.100534
4.56	-0.102535
4.54	-0.104576
4.52	-0.106656
4.5	-0.108778
4.48	-0.11094
4.46	-0.113146
4.44	-0.115394
4.42	-0.117686
4.4	-0.120023
4.38	-0.122405
4.36	-0.124834
4.34	-0.12731
4.32	-0.129835
4.3	-0.132408
4.28	-0.135031
4.26	-0.137706
4.24	-0.140432
4.22	-0.143211
4.2	-0.146044
4.18	-0.148932
4.16	-0.151876
4.14	-0.154876
4.12	-0.157934
4.1	-0.161052
4.08	-0.164229
4.06	-0.167468
4.04	-0.170768
4.02	-0.174133
4	-0.177561
3.98	-0.181056
3.96	-0.184617
3.94	-0.188247
3.92	-0.191945
3.9	-0.195715
3.88	-0.199556
3.86	-0.20347
3.84	-0.207459
3.82	-0.211524
3.8	-0.215665
3.78	-0.219885
3.76	-0.224185
3.74	-0.228566
3.72	-0.23303
3.7	-0.237578
3.68	-0.242211
3.66	-0.246931
3.64	-0.25174
3.62	-0.256639
3.6	-0.26163
3.58	-0.266714
3.56	-0.271892
3.54	-0.277167
3.52	-0.28254
3.5	-0.288012
3.48	-0.293586
3.46	-0.299263
3.44	-0.305045
3.42	-0.310932
3.4	-0.316929
3.38	-0.323035
3.36	-0.329252
3.34	-0.335584
3.32	-0.342031
3.3	-0.348595
3.28	-0.355278
3.26	-0.362082
3.24	-0.369009
3.22	-0.376061
3.2	-0.38324
3.18	-0.390548
3.16	-0.397986
3.14	-0.405557
3.12	-0.413263
3.1	-0.421106
3.08	-0.429088
3.06	-0.43721
3.04	-0.445476
3.02	-0.453887
3	-0.462445
2.98	-0.471153
2.96	-0.480012
2.94	-0.489025
2.92	-0.498194
2.9	-0.507521
2.88	-0.517008
2.86	-0.526658
2.84	-0.536472
2.82	-0.546453
2.8	-0.556604
2.78	-0.566925
2.76	-0.577421
2.74	-0.588092
2.72	-0.598941
2.7	-0.609971
2.68	-0.621183
2.66	-0.63258
2.64	-0.644164
2.62	-0.655937
2.6	-0.667902
2.58	-0.680061
2.56	-0.692415
2.54	-0.704968
2.52	-0.717721
2.5	-0.730676
2.48	-0.743836
2.46	-0.757203
2.44	-0.770779
2.42	-0.784566
2.4	-0.798565
2.38	-0.81278
2.36	-0.827212
2.34	-0.841864
2.32	-0.856736
2.3	-0.871831
2.28	-0.887151
2.26	-0.902698
2.24	-0.918473
2.22	-0.934479
2.2	-0.950717
2.18	-0.967188
2.16	-0.983894
2.14	-1.00084
2.12	-1.01802
2.1	-1.03544
2.08	-1.0531
2.06	-1.071
2.04	-1.08915
2.02	-1.10754
2	-1.12618
1.98	-1.14506
1.96	-1.1642
1.94	-1.18358
1.92	-1.2032
1.9	-1.22308
1.88	-1.24321
1.86	-1.26359
1.84	-1.28422
1.82	-1.30509
1.8	-1.32622
1.78	-1.34761
1.76	-1.36924
1.74	-1.39112
1.72	-1.41325
1.7	-1.43563
1.68	-1.45826
1.66	-1.48114
1.64	-1.50426
1.62	-1.52763
1.6	-1.55124
1.58	-1.57509
1.56	-1.59919
1.54	-1.62352
1.52	-1.6481
1.5	-1.6729
1.48	-1.69795
1.46	-1.72322
1.44	-1.74871
1.42	-1.77444
1.4	-1.80038
1.38	-1.82655
1.36	-1.85293
1.34	-1.87952
1.32	-1.90632
1.3	-1.93332
1.28	-1.96052
1.26	-1.98792
1.24	-2.01551
1.22	-2.04329
1.2	-2.07125
1.18	-2.09938
1.16	-2.12769
1.14	-2.15616
1.12	-2.18479
1.1	-2.21357
1.08	-2.2425
1.06	-2.27158
1.04	-2.30079
1.02	-2.33012
1	-2.35958
0.98	-2.38915
0.96	-2.41883
0.94	-2.44861
0.92	-2.47848
0.9	-2.50843
0.88	-2.53846
0.86	-2.56856
0.84	-2.59872
0.82	-2.62892
0.8	-2.65917
0.78	-2.68946
0.76	-2.71977
0.74	-2.75009
0.72	-2.78042
0.7	-2.81075
0.68	-2.84106
0.66	-2.87135
0.64	-2.90162
0.62	-2.93183
0.6	-2.962
0.58	-2.99211
0.56	-3.02214
0.54	-3.0521
0.52	-3.08196
0.5	-3.11172
0.48	-3.14137
0.46	-3.1709
0.44	-3.20029
0.42	-3.22954
0.4	-3.25864
0.38	-3.28758
0.36	-3.31634
0.34	-3.34492
0.32	-3.37331
0.3	-3.40149
0.28	-3.42946
0.26	-3.4572
0.24	-3.48471
0.22	-3.51198
0.2	-3.53899
0.18	-3.56575
0.16	-3.59223
0.14	-3.61842
0.12	-3.64433
0.1	-3.66994
0.08	-3.69524
0.06	-3.72023
0.04	-3.74489
0.02	-3.76922
3.37778e-13	-3.7932
-0.02	-3.81684
-0.04	-3.84012
-0.06	-3.86303
-0.08	-3.88557
-0.1	-3.90774
-0.12	-3.92952
-0.14	-3.95091
-0.16	-3.9719
-0.18	-3.99248
-0.2	-4.01266
-0.22	-4.03243
-0.24	-4.05177
-0.26	-4.07069
-0.28	-4.08918
-0.3	-4.10724
-0.32	-4.12486
-0.34	-4.14203
-0.36	-4.15877
-0.38	-4.17506
-0.4	-4.19089
-0.42	-4.20628
-0.44	-4.22121
-0.46	-4.23568
-0.48	-4.24969
-0.5	-4.26325
-0.52	-4.27634
-0.54	-4.28897
-0.56	-4.30114
-0.58	-4.31285
-0.6	-4.3241
-0.62	-4.33488
-0.64	-4.34521
-0.66	-4.35507
-0.68	-4.36448
-0.7	-4.37342
-0.72	-4.38192
-0.74	-4.38996
-0.76	-4.39754
-0.78	-4.40468
-0.8	-4.41137
-0.82	-4.41762
-0.84	-4.42343
-0.86	-4.4288
-0.88	-4.43373
-0.9	-4.43824
-0.92	-4.44232
-0.94	-4.44598
-0.96	-4.44922
-0.98	-4.45205
-1	-4.45447
-1.02	-4.45649
-1.04	-4.45811
-1.06	-4.45933
-1.08	-4.46017
-1.1	-4.46062
-1.12	-4.46069
-1.14	-4.4604
-1.16	-4.45973
-1.18	-4.4587
-1.2	-4.45732
-1.22	-4.45559
-1.24	-4.45352
-1.26	-4.45111
-1.28	-4.44837
-1.3	-4.4453
-1.32	-4.44192
-1.34	-4.43822
-1.36	-4.43422
-1.38	-4.42992
-1.4	-4.42532
-1.42	-4.42044
-1.44	-4.41528
-1.46	-4.40984
-1.48	-4.40413
-1.5	-4.39817
-1.52	-4.39194
-1.54	-4.38547
-1.56	-4.37876
-1.58	-4.37181
-1.6	-4.36463
-1.62	-4.35723
-1.64	-4.34961
-1.66	-4.34178
-1.68	-4.33374
-1.7	-4.32551
-1.72	-4.31708
-1.74	-4.30846
-1.76	-4.29967
-1.78	-4.2907
-1.8	-4.28156
-1.82	-4.27225
-1.84	-4.26279
-1.86	-4.25318
-1.88	-4.24342
-1.9	-4.23352
-1.92	-4.22348
-1.94	-4.21331
-1.96	-4.20302
-1.98	-4.1926
-2	-4.18207
-2.02	-4.17143
-2.04	-4.16069
-2.06	-4.14984
-2.08	-4.1389
-2.1	-4.12787
-2.12	-4.11675
-2.14	-4.10555
-2.16	-4.09427
-2.18	-4.08292
-2.2	-4.0715
-2.22	-4.06001
-2.24	-4.04847
-2.26	-4.03686
-2.28	-4.02521
-2.3	-4.0135
-2.32	-4.00175
-2.34	-3.98996
-2.36	-3.97813
-2.38	-3.96626
-2.4	-3.95436
-2.42	-3.94243
-2.44	-3.93048
-2.46	-3.91851
-2.48	-3.90651
-2.5	-3.89451
-2.52	-3.88248
-2.54	-3.87045
-2.56	-3.85841
-2.58	-3.84637
-2.6	-3.83432
-2.62	-3.82227
-2.64	-3.81023
-2.66	-3.79819
-2.68	-3.78616
-2.7	-3.77413
-2.72	-3.76212
-2.74	-3.75013
-2.76	-3.73814
-2.78	-3.72618
-2.8	-3.71424
-2.82	-3.70231
-2.84	-3.69041
-2.86	-3.67854
-2.88	-3.66669
-2.9	-3.65487
-2.92	-3.64308
-2.94	-3.63132
-2.96	-3.61959
-2.98	-3.6079
-3	-3.59624
-3.02	-3.58462
-3.04	-3.57304
-3.06	-3.5615
-3.08	-3.54999
-3.1	-3.53853
-3.12	-3.52711
-3.14	-3.51573
-3.16	-3.5044
-3.18	-3.49311
-3.2	-3.48186
-3.22	-3.47067
-3.24	-3.45952
-3.26	-3.44842
-3.28	-3.43736
-3.3	-3.42636
-3.32	-3.41541
-3.34	-3.40451
-3.36	-3.39366
-3.38	-3.38286
-3.4	-3.37211
-3.42	-3.36142
-3.44	-3.35078
-3.46	-3.34019
-3.48	-3.32966
-3.5	-3.31918
-3.52	-3.30875
-3.54	-3.29839
-3.56	-3.28807
-3.58	-3.27781
-3.6	-3.26761
-3.62	-3.25746
-3.64	-3.24737
-3.66	-3.23734
-3.68	-3.22736
-3.7	-3.21744
-3.72	-3.20758
-3.74	-3.19777
-3.76	-3.18802
-3.78	-3.17832
-3.8	-3.16868
-3.82	-3.1591
-3.84	-3.14958
-3.86	-3.14011
-3.88	-3.1307
-3.9	-3.12135
-3.92	-3.11205
-3.94	-3.10281
-3.96	-3.09363
-3.98	-3.0845
-4	-3.07543
-4.02	-3.06641
-4.04	-3.05746
-4.06	-3.04855
-4.08	-3.0397
-4.1	-3.03091
-4.12	-3.02218
-4.14	-3.0135
-4.16	-3.00487
-4.18	-2.9963
-4.2	-2.98778
-4.22	-2.97932
-4.24	-2.97091
-4.26	-2.96256
-4.28	-2.95426
-4.3	-2.94601
-4.32	-2.93782
-4.34	-2.92967
-4.36	-2.92159
-4.38	-2.91355
-4.4	-2.90557
-4.42	-2.89764
-4.44	-2.88976
-4.46	-2.88193
-4.48	-2.87415
-4.5	-2.86642
-4.52	-2.85875
-4.54	-2.85112
-4.56	-2.84355
-4.58	-2.83602
-4.6	-2.82854
-4.62	-2.82112
-4.64	-2.81374
-4.66	-2.80641
-4.68	-2.79912
-4.7	-2.79189
-4.72	-2.7847
-4.74	-2.77756
-4.76	-2.77047
-4.78	-2.76342
-4.8	-2.75642
-4.82	-2.74947
-4.84	-2.74256
-4.86	-2.73569
-4.88	-2.72887
-4.9	-2.7221
-4.92	-2.71537
-4.94	-2.70869
-4.96	-2.70204
-4.98	-2.69544
-5	-2.68889
-5.02	-2.68238
-5.04	-2.67591
-5.06	-2.66948
-5.08	-2.66309
-5.1	-2.65675
-5.12	-2.65044
-5.14	-2.64418
-5.16	-2.63796
-5.18	-2.63177
-5.2	-2.62563
-5.22	-2.61953
-5.24	-2.61346
-5.26	-2.60744
-5.28	-2.60145
-5.3	-2.59551
-5.32	-2.5896
-5.34	-2.58372
-5.36	-2.57789
-5.38	-2.57209
-5.4	-2.56633
-5.42	-2.56061
-5.44	-2.55492
-5.46	-2.54927
-5.48	-2.54365
-5.5	-2.53807
-5.52	-2.53253
-5.54	-2.52702
-5.56	-2.52154
-5.58	-2.5161
-5.6	-2.51069
-5.62	-2.50532
-5.64	-2.49998
-5.66	-2.49467
-5.68	-2.4894
-5.7	-2.48415
-5.72	-2.47894
-5.74	-2.47377
-5.76	-2.46862
-5.78	-2.46351
-5.8	-2.45842
-5.82	-2.45337
-5.84	-2.44835
-5.86	-2.44336
-5.88	-2.4384
-5.9	-2.43347
-5.92	-2.42857
-5.94	-2.4237
-5.96	-2.41885
-5.98	-2.41404
-6	-2.40926
-6.02	-2.4045
-6.04	-2.39977
-6.06	-2.39507
-6.08	-2.3904
-6.1	-2.38575
-6.12	-2.38114
-6.14	-2.37655
-6.16	-2.37198
-6.18	-2.36745
-6.2	-2.36294
-6.22	-2.35845
-6.24	-2.35399
-6.26	-2.34956
-6.28	-2.34515
-6.3	-2.34077
-6.32	-2.33642
-6.34	-2.33208
-6.36	-2.32778
-6.38	-2.3235
-6.4	-2.31924
-6.42	-2.315
-6.44	-2.31079
-6.46	-2.30661
-6.48	-2.30244
-6.5	-2.2983
-6.52	-2.29419
-6.54	-2.29009
-6.56	-2.28602
-6.58	-2.28197
-6.6	-2.27794
-6.62	-2.27394
-6.64	-2.26996
-6.66	-2.266
-6.68	-2.26206
-6.7	-2.25814
-6.72	-2.25424
-6.74	-2.25037
-6.76	-2.24651
-6.78	-2.24268
-6.8	-2.23886
-6.82	-2.23507
-6.84	-2.2313
-6.86	-2.22754
-6.88	-2.22381
-6.9	-2.2201
-6.92	-2.2164
-6.94	-2.21273
-6.96	-2.20907
-6.98	-2.20543
-7	-2.20182
-7.02	-2.19822
-7.04	-2.19464
-7.06	-2.19107
-7.08	-2.18753
-7.1	-2.184
-7.12	-2.1805
-7.14	-2.17701
-7.16	-2.17353
-7.18	-2.17008
-7.2	-2.16664
-7.22	-2.16322
-7.24	-2.15982
-7.26	-2.15643
-7.28	-2.15307
-7.3	-2.14971
-7.32	-2.14638
-7.34	-2.14306
-7.36	-2.13975
-7.38	-2.13647
-7.4	-2.1332
-7.42	-2.12994
-7.44	-2.1267
-7.46	-2.12348
-7.48	-2.12027
-7.5	-2.11708
-7.52	-2.1139
-7.54	-2.11074
-7.56	-2.10759
-7.58	-2.10446
-7.6	-2.10135
-7.62	-2.09824
-7.64	-2.09516
-7.66	-2.09208
-7.68	-2.08902
-7.7	-2.08598
-7.72	-2.08295
-7.74	-2.07993
-7.76	-2.07693
-7.78	-2.07394
-7.8	-2.07097
-7.82	-2.06801
-7.84	-2.06506
-7.86	-2.06213
-7.88	-2.0592
-7.9	-2.0563
-7.92	-2.0534
-7.94	-2.05052
-7.96	-2.04765
-7.98	-2.0448
-8	-2.04195
-8.02	-2.03912
-8.04	-2.03631
-8.06	-2.0335
-8.08	-2.03071
-8.1	-2.02793
-8.12	-2.02516
-8.14	-2.0224
-8.16	-2.01966
-8.18	-2.01693
-8.2	-2.01421
-8.22	-2.0115
-8.24	-2.0088
-8.26	-2.00611
-8.28	-2.00344
-8.3	-2.00078
-8.32	-1.99812
-8.34	-1.99548
-8.36	-1.99286
-8.38	-1.99024
-8.4	-1.98763
-8.42	-1.98503
-8.44	-1.98245
-8.46	-1.97987
-8.48	-1.97731
-8.5	-1.97476
-8.52	-1.97221
-8.54	-1.96968
-8.56	-1.96716
-8.58	-1.96465
-8.6	-1.96215
-8.62	-1.95966
-8.64	-1.95718
-8.66	-1.95471
-8.68	-1.95224
-8.7	-1.94979
-8.72	-1.94735
-8.74	-1.94492
-8.76	-1.9425
-8.78	-1.94009
-8.8	-1.93768
-8.82	-1.93529
-8.84	-1.93291
-8.86	-1.93053
-8.88	-1.92817
-8.9	-1.92581
-8.92	-1.92347
-8.94	-1.92113
-8.96	-1.9188
-8.98	-1.91648
-9	-1.91417
-9.02	-1.91187
-9.04	-1.90958
-9.06	-1.90729
-9.08	-1.90502
-9.1	-1.90275
-9.12	-1.90049
-9.14	-1.89824
-9.16	-1.896
-9.18	-1.89377
-9.2	-1.89154
-9.22	-1.88933
-9.24	-1.88712
-9.26	-1.88492
-9.28	-1.88273
-9.3	-1.88055
-9.32	-1.87837
-9.34	-1.8762
-9.36	-1.87404
-9.38	-1.87189
-9.4	-1.86975
-9.42	-1.86761
-9.44	-1.86548
-9.46	-1.86336
-9.48	-1.86125
-9.5	-1.85915
-9.52	-1.85705
-9.54	-1.85496
-9.56	-1.85288
-9.58	-1.8508
-9.6	-1.84873
-9.62	-1.84667
-9.64	-1.84462
-9.66	-1.84257
-9.68	-1.84054
-9.7	-1.8385
-9.72	-1.83648
-9.74	-1.83446
-9.76	-1.83245
-9.78	-1.83045
-9.8	-1.82845
-9.82	-1.82646
-9.84	-1.82448
-9.86	-1.8225
-9.88	-1.82053
-9.9	-1.81857
-9.92	-1.81661
-9.94	-1.81467
-9.96	-1.81272
-9.98	-1.81079
-10	-1.80886
-10.02	-1.80693
-10.04	-1.80502
-10.06	-1.80311
-10.08	-1.8012
-10.1	-1.79931
-10.12	-1.79742
-10.14	-1.79553
-10.16	-1.79365
-10.18	-1.79178
-10.2	-1.78991
-10.22	-1.78805
-10.24	-1.7862
-10.26	-1.78435
-10.28	-1.78251
-10.3	-1.78067
-10.32	-1.77884
-10.34	-1.77702
-10.36	-1.7752
-10.38	-1.77339
-10.4	-1.77158
-10.42	-1.76978
-10.44	-1.76799
-10.46	-1.7662
-10.48	-1.76441
-10.5	-1.76264
-10.52	-1.76086
-10.54	-1.7591
-10.56	-1.75734
-10.58	-1.75558
-10.6	-1.75383
-10.62	-1.75208
-10.64	-1.75035
-10.66	-1.74861
-10.68	-1.74688
-10.7	-1.74516
-10.72	-1.74344
-10.74	-1.74173
-10.76	-1.74002
-10.78	-1.73832
-10.8	-1.73662
-10.82	-1.73493
-10.84	-1.73325
-10.86	-1.73156
-10.88	-1.72989
-10.9	-1.72822
-10.92	-1.72655
-10.94	-1.72489
-10.96	-1.72323
-10.98	-1.72158
-11	-1.71994
-11.02	-1.7183
-11.04	-1.71666
-11.06	-1.71503
-11.08	-1.7134
-11.1	-1.71178
-11.12	-1.71016
-11.14	-1.70855
-11.16	-1.70694
-11.18	-1.70534
-11.2	-1.70374
-11.22	-1.70215
-11.24	-1.70056
-11.26	-1.69898
-11.28	-1.6974
-11.3	-1.69582
-11.32	-1.69425
-11.34	-1.69269
-11.36	-1.69113
-11.38	-1.68957
-11.4	-1.68802
-11.42	-1.68647
-11.44	-1.68492
-11.46	-1.68339
-11.48	-1.68185
-11.5	-1.68032
-11.52	-1.67879
-11.54	-1.67727
-11.56	-1.67576
-11.58	-1.67424
-11.6	-1.67273
-11.62	-1.67123
-11.64	-1.66973
-11.66	-1.66823
-11.68	-1.66674
-11.7	-1.66525
-11.72	-1.66377
-11.74	-1.66229
-11.76	-1.66081
-11.78	-1.65934
-11.8	-1.65787
-11.82	-1.65641
-11.84	-1.65495
-11.86	-1.6535
-11.88	-1.65204
-11.9	-1.6506
-11.92	-1.64915
-11.94	-1.64771
-11.96	-1.64628
-11.98	-1.64484
-12	-1.64342
-12.02	-1.64199
-12.04	-1.64057
-12.06	-1.63916
-12.08	-1.63774
-12.1	-1.63633
-12.12	-1.63493
-12.14	-1.63353
-12.16	-1.63213
-12.18	-1.63073
-12.2	-1.62934
-12.22	-1.62796
-12.24	-1.62657
-12.26	-1.62519
-12.28	-1.62382
-12.3	-1.62245
-12.32	-1.62108
-12.34	-1.61971
-12.36	-1.61835
-12.38	-1.61699
-12.4	-1.61564
-12.42	-1.61429
-12.44	-1.61294
-12.46	-1.6116
-12.48	-1.61026
-12.5	-1.60892
-12.52	-1.60758
-12.54	-1.60625
-12.56	-1.60493
-12.58	-1.6036
-12.6	-1.60228
-12.62	-1.60097
-12.64	-1.59965
-12.66	-1.59834
-12.68	-1.59704
-12.7	-1.59573
-12.72	-1.59443
-12.74	-1.59314
-12.76	-1.59184
-12.78	-1.59055
-12.8	-1.58926
-12.82	-1.58798
-12.84	-1.5867
-12.86	-1.58542
-12.88	-1.58415
-12.9	-1.58288
-12.92	-1.58161
-12.94	-1.58034
-12.96	-1.57908
-12.98	-1.57782
-13	-1.57657
-13.02	-1.57531
-13.04	-1.57406
-13.06	-1.57282
-13.08	-1.57157
-13.1	-1.57033
-13.12	-1.5691
-13.14	-1.56786
-13.16	-1.56663
-13.18	-1.5654
-13.2	-1.56418
-13.22	-1.56295
-13.24	-1.56173
-13.26	-1.56052
-13.28	-1.5593
-13.3	-1.55809
-13.32	-1.55688
-13.34	-1.55568
-13.36	-1.55448
-13.38	-1.55328
-13.4	-1.55208
-13.42	-1.55089
-13.44	-1.5497
-13.46	-1.54851
-13.48	-1.54732
-13.5	-1.54614
-13.52	-1.54496
-13.54	-1.54378
-13.56	-1.54261
-13.58	-1.54144
-13.6	-1.54027
-13.62	-1.5391
-13.64	-1.53794
-13.66	-1.53678
-13.68	-1.53562
-13.7	-1.53447
-13.72	-1.53331
-13.74	-1.53216
-13.76	-1.53102
-13.78	-1.52987
-13.8	-1.52873
-13.82	-1.52759
-13.84	-1.52645
-13.86	-1.52532
-13.88	-1.52419
-13.9	-1.52306
-13.92	-1.52193
-13.94	-1.52081
-13.96	-1.51969
-13.98	-1.51857
-14	-1.51745
-14.02	-1.51634
-14.04	-1.51523
-14.06	-1.51412
-14.08	-1.51301
-14.1	-1.51191
-14.12	-1.51081
-14.14	-1.50971
-14.16	-1.50861
-14.18	-1.50752
-14.2	-1.50642
-14.22	-1.50534
-14.24	-1.50425
-14.26	-1.50316
-14.28	-1.50208
-14.3	-1.501
-14.32	-1.49992
-14.34	-1.49885
-14.36	-1.49778
-14.38	-1.49671
-14.4	-1.49564
-14.42	-1.49457
-14.44	-1.49351
-14.46	-1.49245
-14.48	-1.49139
-14.5	-1.49033
-14.52	-1.48928
-14.54	-1.48823
-14.56	-1.48718
-14.58	-1.48613
-14.6	-1.48509
-14.62	-1.48404
-14.64	-1.483
-14.66	-1.48197
-14.68	-1.48093
-14.7	-1.4799
-14.72	-1.47886
-14.74	-1.47784
-14.76	-1.47681
-14.78	-1.47578
-14.8	-1.47476
-14.82	-1.47374
-14.84	-1.47272
-14.86	-1.4717
-14.88	-1.47069
-14.9	-1.46968
-14.92	-1.46867
-14.94	-1.46766
-14.96	-1.46666
-14.98	-1.46565
-15	-1.46465
-15.02	-1.46365
-15.04	-1.46265
-15.06	-1.46166
-15.08	-1.46066
-15.1	-1.45967
-15.12	-1.45868
-15.14	-1.4577
-15.16	-1.45671
-15.18	-1.45573
-15.2	-1.45475
-15.22	-1.45377
-15.24	-1.45279
-15.26	-1.45182
-15.28	-1.45084
-15.3	-1.44987
-15.32	-1.4489
-15.34	-1.44794
-15.36	-1.44697
-15.38	-1.44601
-15.4	-1.44505
-15.42	-1.44409
-15.44	-1.44313
-15.46	-1.44218
-15.48	-1.44122
-15.5	-1.44027
-15.52	-1.43932
-15.54	-1.43837
-15.56	-1.43743
-15.58	-1.43649
-15.6	-1.43554
-15.62	-1.4346
-15.64	-1.43366
-15.66	-1.43273
-15.68	-1.43179
-15.7	-1.43086
-15.72	-1.42993
-15.74	-1.429
-15.76	-1.42807
-15.78	-1.42715
-15.8	-1.42623
-15.82	-1.4253
-15.84	-1.42438
-15.86	-1.42347
-15.88	-1.42255
-15.9	-1.42164
-15.92	-1.42072
-15.94	-1.41981
-15.96	-1.4189
-15.98	-1.418
-16	-1.41709
-16.02	-1.41619
-16.04	-1.41529
-16.06	-1.41439
-16.08	-1.41349
-16.1	-1.41259
-16.12	-1.4117
-16.14	-1.4108
-16.16	-1.40991
-16.18	-1.40902
-16.2	-1.40813
-16.22	-1.40725
-16.24	-1.40636
-16.26	-1.40548
-16.28	-1.4046
-16.3	-1.40372
-16.32	-1.40284
-16.34	-1.40196
-16.36	-1.40109
-16.38	-1.40022
-16.4	-1.39934
-16.42	-1.39847
-16.44	-1.39761
-16.46	-1.39674
-16.48	-1.39587
-16.5	-1.39501
-16.52	-1.39415
-16.54	-1.39329
-16.56	-1.39243
-16.58	-1.39158
-16.6	-1.39072
-16.62	-1.38987
-16.64	-1.38901
-16.66	-1.38816
-16.68	-1.38732
-16.7	-1.38647
-16.72	-1.38562
-16.74	-1.38478
-16.76	-1.38394
-16.78	-1.3831
-16.8	-1.38226
-16.82	-1.38142
-16.84	-1.38058
-16.86	-1.37975
-16.88	-1.37891
-16.9	-1.37808
-16.92	-1.37725
-16.94	-1.37642
-16.96	-1.3756
-16.98	-1.37477
-17	-1.37395
-17.02	-1.37312
-17.04	-1.3723
-17.06	-1.37148
-17.08	-1.37067
-17.1	-1.36985
-17.12	-1.36903
-17.14	-1.36822
-17.16	-1.36741
-17.18	-1.3666
-17.2	-1.36579
-17.22	-1.36498
-17.24	-1.36417
-17.26	-1.36337
-17.28	-1.36257
-17.3	-1.36176
-17.32	-1.36096
-17.34	-1.36016
-17.36	-1.35937
-17.38	-1.35857
-17.4	-1.35777
-17.42	-1.35698
-17.44	-1.35619
-17.46	-1.3554
-17.48	-1.35461
-17.5	-1.35382
-17.52	-1.35303
-17.54	-1.35225
-17.56	-1.35147
-17.58	-1.35068
-17.6	-1.3499
-17.62	-1.34912
-17.64	-1.34834
-17.66	-1.34757
-17.68	-1.34679
-17.7	-1.34602
-17.72	-1.34524
-17.74	-1.34447
-17.76	-1.3437
-17.78	-1.34293
-17.8	-1.34217
-17.82	-1.3414
-17.84	-1.34064
-17.86	-1.33987
-17.88	-1.33911
-17.9	-1.33835
-17.92	-1.33759
-17.94	-1.33683
-17.96	-1.33607
-17.98	-1.33532
-18	-1.33456
-18.02	-1.33381
-18.04	-1.33306
-18.06	-1.33231
-18.08	-1.33156
-18.1	-1.33081
-18.12	-1.33007
-18.14	-1.32932
-18.16	-1.32858
-18.18	-1.32783
-18.2	-1.32709
-18.22	-1.32635
-18.24	-1.32561
-18.26	-1.32487
-18.28	-1.32414
-18.3	-1.3234
-18.32	-1.32267
-18.34	-1.32194
-18.36	-1.3212
-18.38	-1.32047
-18.4	-1.31974
-18.42	-1.31902
-18.44	-1.31829
-18.46	-1.31756
-18.48	-1.31684
-18.5	-1.31612
-18.52	-1.31539
-18.54	-1.31467
-18.56	-1.31395
-18.58	-1.31324
-18.6	-1.31252
-18.62	-1.3118
-18.64	-1.31109
-18.66	-1.31037
-18.68	-1.30966
-18.7	-1.30895
-18.72	-1.30824
-18.74	-1.30753
-18.76	-1.30682
-18.78	-1.30612
-18.8	-1.30541
-18.82	-1.30471
-18.84	-1.304
-18.86	-1.3033
-18.88	-1.3026
-18.9	-1.3019
-18.92	-1.3012
-18.94	-1.30051
-18.96	-1.29981
-18.98	-1.29911
-19	-1.29842
-19.02	-1.29773
-19.04	-1.29704
-19.06	-1.29635
-19.08	-1.29566
-19.1	-1.29497
-19.12	-1.29428
-19.14	-1.29359
-19.16	-1.29291
-19.18	-1.29222
-19.2	-1.29154
-19.22	-1.29086
-19.24	-1.29018
-19.26	-1.2895
-19.28	-1.28882
-19.3	-1.28814
-19.32	-1.28747
-19.34	-1.28679
-19.36	-1.28612
-19.38	-1.28544
-19.4	-1.28477
-19.42	-1.2841
-19.44	-1.28343
-19.46	-1.28276
-19.48	-1.28209
-19.5	-1.28143
-19.52	-1.28076
-19.54	-1.2801
-19.56	-1.27943
-19.58	-1.27877
-19.6	-1.27811
-19.62	-1.27745
-19.64	-1.27679
-19.66	-1.27613
-19.68	-1.27547
-19.7	-1.27482
-19.72	-1.27416
-19.74	-1.27351
-19.76	-1.27285
-19.78	-1.2722
-19.8	-1.27155
-19.82	-1.2709
-19.84	-1.27025
-19.86	-1.2696
-19.88	-1.26895
-19.9	-1.26831
-19.92	-1.26766
-19.94	-1.26702
-19.96	-1.26637
-19.98	-1.26573
-20	-1.26509
-19.98	-1.26445
-19.96	-1.26381
-19.94	-1.26317
-19.92	-1.26253
-19.9	-1.2619
-19.88	-1.26126
-19.86	-1.26063
-19.84	-1.25999
-19.82	-1.25936
-19.8	-1.25873
-19.78	-1.2581
-19.76	-1.25747
-19.74	-1.25684
-19.72	-1.25621
-19.7	-1.25559
-19.68	-1.25496
-19.66	-1.25433
-19.64	-1.25371
-19.62	-1.25309
-19.6	-1.25246
-19.58	-1.25184
-19.56	-1.25122
-19.54	-1.2506
-19.52	-1.24999
-19.5	-1.24937
-19.48	-1.24875
-19.46	-1.24814
-19.44	-1.24752
-19.42	-1.24691
-19.4	-1.24629
-19.38	-1.24568
-19.36	-1.24507
-19.34	-1.24446
-19.32	-1.24385
-19.3	-1.24324
-19.28	-1.24263
-19.26	-1.24203
-19.24	-1.24142
-19.22	-1.24082
-19.2	-1.24021
-19.18	-1.23961
-19.16	-1.23901
-19.14	-1.23841
-19.12	-1.23781
-19.1	-1.23721
-19.08	-1.23661
-19.06	-1.23601
-19.04	-1.23541
-19.02	-1.23482
-19	-1.23422
-18.98	-1.23363
-18.96	-1.23303
-18.94	-1.23244
-18.92	-1.23185
-18.9	-1.23126
-18.88	-1.23067
-18.86	-1.23008
-18.84	-1.22949
-18.82	-1.2289
-18.8	-1.22832
-18.78	-1.22773
-18.76	-1.22715
-18.74	-1.22656
-18.72	-1.22598
-18.7	-1.2254
-18.68	-1.22482
-18.66	-1.22423
-18.64	-1.22365
-18.62	-1.22308
-18.6	-1.2225
-18.58	-1.22192
-18.56	-1.22134
-18.54	-1.22077
-18.52	-1.22019
-18.5	-1.21962
-18.48	-1.21905
-18.46	-1.21847
-18.44	-1.2179
-18.42	-1.21733
-18.4	-1.21676
-18.38	-1.21619
-18.36	-1.21562
-18.34	-1.21505
-18.32	-1.21449
-18.3	-1.21392
-18.28	-1.21336
-18.26	-1.21279
-18.24	-1.21223
-18.22	-1.21167
-18.2	-1.2111
-18.18	-1.21054
-18.16	-1.20998
-18.14	-1.20942
-18.12	-1.20886
-18.1	-1.2083
-18.08	-1.20775
-18.06	-1.20719
-18.04	-1.20663
-18.02	-1.20608
-18	-1.20553
-17.98	-1.20497
-17.96	-1.20442
-17.94	-1.20387
-17.92	-1.20332
-17.9	-1.20277
-17.88	-1.20222
-17.86	-1.20167
-17.84	-1.20112
-17.82	-1.20057
-17.8	-1.20002
-17.78	-1.19948
-17.76	-1.19893
-17.74	-1.19839
-17.72	-1.19784
-17.7	-1.1973
-17.68	-1.19676
-17.66	-1.19622
-17.64	-1.19568
-17.62	-1.19514
-17.6	-1.1946
-17.58	-1.19406
-17.56	-1.19352
-17.54	-1.19298
-17.52	-1.19245
-17.5	-1.19191
-17.48	-1.19138
-17.46	-1.19084
-17.44	-1.19031
-17.42	-1.18978
-17.4	-1.18925
-17.38	-1.18871
-17.36	-1.18818
-17.34	-1.18765
-17.32	-1.18713
-17.3	-1.1866
-17.28	-1.18607
-17.26	-1.18554
-17.24	-1.18502
-17.22	-1.18449
-17.2	-1.18397
-17.18	-1.18344
-17.16	-1.18292
-17.14	-1.18239
-17.12	-1.18187
-17.1	-1.18135
-17.08	-1.18083
-17.06	-1.18031
-17.04	-1.17979
-17.02	-1.17927
-17	-1.17875
-16.98	-1.17824
-16.96	-1.17772
-16.94	-1.17721
-16.92	-1.17669
-16.9	-1.17618
-16.88	-1.17566
-16.86	-1.17515
-16.84	-1.17464
-16.82	-1.17412
-16.8	-1.17361
-16.78	-1.1731
-16.76	-1.17259
-16.74	-1.17208
-16.72	-1.17157
-16.7	-1.17107
-16.68	-1.17056
-16.66	-1.17005
-16.64	-1.16955
-16.62	-1.16904
-16.6	-1.16854
-16.58	-1.16803
-16.56	-1.16753
-16.54	-1.16703
-16.52	-1.16653
-16.5	-1.16603
-16.48	-1.16552
-16.46	-1.16502
-16.44	-1.16453
-16.42	-1.16403
-16.4	-1.16353
-16.38	-1.16303
-16.36	-1.16253
-16.34	-1.16204
-16.32	-1.16154
-16.3	-1.16105
-16.28	-1.16055
-16.26	-1.16006
-16.24	-1.15957
-16.22	-1.15908
-16.2	-1.15858
-16.18	-1.15809
-16.16	-1.1576
-16.14	-1.15711
-16.12	-1.15662
-16.1	-1.15614
-16.08	-1.15565
-16.06	-1.15516
-16.04	-1.15467
-16.02	-1.15419
-16	-1.1537
-15.98	-1.15322
-15.96	-1.15273
-15.94	-1.15225
-15.92	-1.15177
-15.9	-1.15128
-15.88	-1.1508
-15.86	-1.15032
-15.84	-1.14984
-15.82	-1.14936
-15.8	-1.14888
-15.78	-1.1484
-15.76	-1.14792
-15.74	-1.14745
-15.72	-1.14697
-15.7	-1.14649
-15.68	-1.14602
-15.66	-1.14554
-15.64	-1.14507
-15.62	-1.14459
-15.6	-1.14412
-15.58	-1.14365
-15.56	-1.14318
-15.54	-1.14271
-15.52	-1.14223
-15.5	-1.14176
-15.48	-1.14129
-15.46	-1.14082
-15.44	-1.14036
-15.42	-1.13989
-15.4	-1.13942
-15.38	-1.13895
-15.36	-1.13849
-15.34	-1.13802
-15.32	-1.13756
-15.3	-1.13709
-15.28	-1.13663
-15.26	-1.13616
-15.24	-1.1357
-15.22	-1.13524
-15.2	-1.13478
-15.18	-1.13432
-15.16	-1.13385
-15.14	-1.13339
-15.12	-1.13294
-15.1	-1.13248
-15.08	-1.13202
-15.06	-1.13156
-15.04	-1.1311
-15.02	-1.13065
-15	-1.13019
-14.98	-1.12973
-14.96	-1.12928
-14.94	-1.12882
-14.92	-1.12837
-14.9	-1.12792
-14.88	-1.12746
-14.86	-1.12701
-14.84	-1.12656
-14.82	-1.12611
-14.8	-1.12566
-14.78	-1.12521
-14.76	-1.12476
-14.74	-1.12431
-14.72	-1.12386
-14.7	-1.12341
-14.68	-1.12297
-14.66	-1.12252
-14.64	-1.12207
-14.62	-1.12163
-14.6	-1.12118
-14.58	-1.12074
-14.56	-1.12029
-14.54	-1.11985
-14.52	-1.1194
-14.5	-1.11896
-14.48	-1.11852
-14.46	-1.11808
-14.44	-1.11764
-14.42	-1.1172
-14.4	-1.11676
-14.38	-1.11632
-14.36	-1.11588
-14.34	-1.11544
-14.32	-1.115
-14.3	-1.11456
-14.28	-1.11413
-14.26	-1.11369
-14.24	-1.11325
-14.22	-1.11282
-14.2	-1.11238
-14.18	-1.11195
-14.16	-1.11152
-14.14	-1.11108
-14.12	-1.11065
-14.1	-1.11022
-14.08	-1.10978
-14.06	-1.10935
-14.04	-1.10892
-14.02	-1.10849
-14	-1.10806
-13.98	-1.10763
-13.96	-1.1072
-13.94	-1.10678
-13.92	-1.10635
-13.9	-1.10592
-13.88	-1.10549
-13.86	-1.10507
-13.84	-1.10464
-13.82	-1.10422
-13.8	-1.10379
-13.78	-1.10337
-13.76	-1.10294
-13.74	-1.10252
-13.72	-1.1021
-13.7	-1.10167
-13.68	-1.10125
-13.66	-1.10083
-13.64	-1.10041
-13.62	-1.09999
-13.6	-1.09957
-13.58	-1.09915
-13.56	-1.09873
-13.54	-1.09831
-13.52	-1.09789
-13.5	-1.09747
-13.48	-1.09706
-13.46	-1.09664
-13.44	-1.09622
-13.42	-1.09581
-13.4	-1.09539
-13.38	-1.09498
-13.36	-1.09456
-13.34	-1.09415
-13.32	-1.09374
-13.3	-1.09332
-13.28	-1.09291
-13.26	-1.0925
-13.24	-1.09209
-13.22	-1.09168
-13.2	-1.09126
-13.18	-1.09085
-13.16	-1.09044
-13.14	-1.09004
-13.12	-1.08963
-13.1	-1.08922
-13.08	-1.08881
-13.06	-1.0884
-13.04	-1.088
-13.02	-1.08759
-13	-1.08718
-12.98	-1.08678
-12.96	-1.08637
-12.94	-1.08597
-12.92	-1.08556
-12.9	-1.08516
-12.88	-1.08475
-12.86	-1.08435
-12.84	-1.08395
-12.82	-1.08355
-12.8	-1.08314
-12.78	-1.08274
-12.76	-1.08234
-12.74	-1.08194
-12.72	-1.08154
-12.7	-1.08114
-12.68	-1.08074
-12.66	-1.08034
-12.64	-1.07995
-12.62	-1.07955
-12.6	-1.07915
-12.58	-1.07875
-12.56	-1.07836
-12.54	-1.07796
-12.52	-1.07756
-12.5	-1.07717
-12.48	-1.07677
-12.46	-1.07638
-12.44	-1.07599
-12.42	-1.07559
-12.4	-1.0752
-12.38	-1.07481
-12.36	-1.07441
-12.34	-1.07402
-12.32	-1.07363
-12.3	-1.07324
-12.28	-1.07285
-12.26	-1.07246
-12.24	-1.07207
-12.22	-1.07168
-12.2	-1.07129
-12.18	-1.0709
-12.16	-1.07051
-12.14	-1.07012
-12.12	-1.06974
-12.1	-1.06935
-12.08	-1.06896
-12.06	-1.06858
-12.04	-1.06819
-12.02	-1.0678
-12	-1.06742
-11.98	-1.06703
-11.96	-1.06665
-11.94	-1.06627
-11.92	-1.06588
-11.9	-1.0655
-11.88	-1.06512
-11.86	-1.06473
-11.84	-1.06435
-11.82	-1.06397
-11.8	-1.06359
-11.78	-1.06321
-11.76	-1.06283
-11.74	-1.06245
-11.72	-1.06207
-11.7	-1.06169
-11.68	-1.06131
-11.66	-1.06093
-11.64	-1.06055
-11.62	-1.06017
-11.6	-1.0598
-11.58	-1.05942
-11.56	-1.05904
-11.54	-1.05867
-11.52	-1.05829
-11.5	-1.05791
-11.48	-1.05754
-11.46	-1.05716
-11.44	-1.05679
-11.42	-1.05641
-11.4	-1.05604
-11.38	-1.05567
-11.36	-1.05529
-11.34	-1.05492
-11.32	-1.05455
-11.3	-1.05417
-11.28	-1.0538
-11.26	-1.05343
-11.24	-1.05306
-11.22	-1.05269
-11.2	-1.05232
-11.18	-1.05195
-11.16	-1.05158
-11.14	-1.05121
-11.12	-1.05084
-11.1	-1.05047
-11.08	-1.0501
-11.06	-1.04973
-11.04	-1.04937
-11.02	-1.049
-11	-1.04863
-10.98	-1.04826
-10.96	-1.0479
-10.94	-1.04753
-10.92	-1.04716
-10.9	-1.0468
-10.88	-1.04643
-10.86	-1.04607
-10.84	-1.0457
-10.82	-1.04534
-10.8	-1.04497
-10.78	-1.04461
-10.76	-1.04425
-10.74	-1.04388
-10.72	-1.04352
-10.7	-1.04316
-10.68	-1.04279
-10.66	-1.04243
-10.64	-1.04207
-10.62	-1.04171
-10.6	-1.04135
-10.58	-1.04098
-10.56	-1.04062
-10.54	-1.04026
-10.52	-1.0399
-10.5	-1.03954
-10.48	-1.03918
-10.46	-1.03882
-10.44	-1.03846
-10.42	-1.0381
-10.4	-1.03774
-10.38	-1.03739
-10.36	-1.03703
-10.34	-1.03667
-10.32	-1.03631
-10.3	-1.03595
-10.28	-1.0356
-10.26	-1.03524
-10.24	-1.03488
-10.22	-1.03452
-10.2	-1.03417
-10.18	-1.03381
-10.16	-1.03346
-10.14	-1.0331
-10.12	-1.03274
-10.1	-1.03239
-10.08	-1.03203
-10.06	-1.03168
-10.04	-1.03132
-10.02	-1.03097
-10	-1.03061
-9.98	-1.03026
-9.96	-1.0299
-9.94	-1.02955
-9.92	-1.02919
-9.9	-1.02884
-9.88	-1.02849
-9.86	-1.02813
-9.84	-1.02778
-9.82	-1.02743
-9.8	-1.02707
-9.78	-1.02672
-9.76	-1.02637
-9.74	-1.02601
-9.72	-1.02566
-9.7	-1.02531
-9.68	-1.02496
-9.66	-1.0246
-9.64	-1.02425
-9.62	-1.0239
-9.6	-1.02355
-9.58	-1.02319
-9.56	-1.02284
-9.54	-1.02249
-9.52	-1.02214
-9.5	-1.02178
-9.48	-1.02143
-9.46	-1.02108
-9.44	-1.02073
-9.42	-1.02038
-9.4	-1.02003
-9.38	-1.01967
-9.36	-1.01932
-9.34	-1.01897
-9.32	-1.01862
-9.3	-1.01827
-9.28	-1.01791
-9.26	-1.01756
-9.24	-1.01721
-9.22	-1.01686
-9.2	-1.01651
-9.18	-1.01615
-9.16	-1.0158
-9.14	-1.01545
-9.12	-1.0151
-9.1	-1.01474
-9.08	-1.01439
-9.06	-1.01404
-9.04	-1.01368
-9.02	-1.01333
-9	-1.01298
-8.98	-1.01262
-8.96	-1.01227
-8.94	-1.01192
-8.92	-1.01156
-8.9	-1.01121
-8.88	-1.01085
-8.86	-1.0105
-8.84	-1.01014
-8.82	-1.00979
-8.8	-1.00943
-8.78	-1.00908
-8.76	-1.00872
-8.74	-1.00836
-8.72	-1.00801
-8.7	-1.00765
-8.68	-1.00729
-8.66	-1.00693
-8.64	-1.00658
-8.62	-1.00622
-8.6	-1.00586
-8.58	-1.0055
-8.56	-1.00514
-8.54	-1.00478
-8.52	-1.00442
-8.5	-1.00406
-8.48	-1.0037
-8.46	-1.00333
-8.44	-1.00297
-8.42	-1.00261
-8.4	-1.00224
-8.38	-1.00188
-8.36	-1.00151
-8.34	-1.00115
-8.32	-1.00078
-8.3	-1.00041
-8.28	-1.00005
-8.26	-0.999678
-8.24	-0.999309
-8.22	-0.998939
-8.2	-0.998568
-8.18	-0.998197
-8.16	-0.997824
-8.14	-0.997451
-8.12	-0.997077
-8.1	-0.996702
-8.08	-0.996327
-8.06	-0.99595
-8.04	-0.995572
-8.02	-0.995194
-8	-0.994814
-7.98	-0.994433
-7.96	-0.994051
-7.94	-0.993669
-7.92	-0.993285
-7.9	-0.9929
-7.88	-0.992513
-7.86	-0.992126
-7.84	-0.991737
-7.82	-0.991347
-7.8	-0.990956
-7.78	-0.990563
-7.76	-0.990169
-7.74	-0.989774
-7.72	-0.989377
-7.7	-0.988979
-7.68	-0.988579
-7.66	-0.988177
-7.64	-0.987774
-7.62	-0.98737
-7.6	-0.986964
-7.58	-0.986556
-7.56	-0.986146
-7.54	-0.985735
-7.52	-0.985321
-7.5	-0.984906
-7.48	-0.984489
-7.46	-0.98407
-7.44	-0.983649
-7.42	-0.983226
-7.4	-0.982801
-7.38	-0.982374
-7.36	-0.981944
-7.34	-0.981513
-7.32	-0.981079
-7.3	-0.980642
-7.28	-0.980203
-7.26	-0.979762
-7.24	-0.979319
-7.22	-0.978872
-7.2	-0.978424
-7.18	-0.977972
-7.16	-0.977518
-7.14	-0.977061
-7.12	-0.976601
-7.1	-0.976138
-7.08	-0.975672
-7.06	-0.975203
-7.04	-0.974731
-7.02	-0.974256
-7	-0.973777
-6.98	-0.973295
-6.96	-0.97281
-6.94	-0.972321
-6.92	-0.971829
-6.9	-0.971333
-6.88	-0.970833
-6.86	-0.97033
-6.84	-0.969823
-6.82	-0.969311
-6.8	-0.968796
-6.78	-0.968277
-6.76	-0.967753
-6.74	-0.967225
-6.72	-0.966693
-6.7	-0.966156
-6.68	-0.965614
-6.66	-0.965068
-6.64	-0.964517
-6.62	-0.963961
-6.6	-0.9634
-6.58	-0.962834
-6.56	-0.962263
-6.54	-0.961687
-6.52	-0.961105
-6.5	-0.960517
-6.48	-0.959924
-6.46	-0.959325
-6.44	-0.95872
-6.42	-0.95811
-6.4	-0.957492
-6.38	-0.956869
-6.36	-0.956239
-6.34	-0.955603
-6.32	-0.95496
-6.3	-0.95431
-6.28	-0.953654
-6.26	-0.95299
-6.24	-0.952318
-6.22	-0.95164
-6.2	-0.950954
-6.18	-0.95026
-6.16	-0.949558
-6.14	-0.948848
-6.12	-0.94813
-6.1	-0.947404
-6.08	-0.946669
-6.06	-0.945925
-6.04	-0.945173
-6.02	-0.944411
-6	-0.94364
-5.98	-0.94286
-5.96	-0.94207
-5.94	-0.94127
-5.92	-0.94046
-5.9	-0.939639
-5.88	-0.938809
-5.86	-0.937967
-5.84	-0.937115
-5.82	-0.936251
-5.8	-0.935376
-5.78	-0.93449
-5.76	-0.933592
-5.74	-0.932681
-5.72	-0.931759
-5.7	-0.930824
-5.68	-0.929876
-5.66	-0.928914
-5.64	-0.92794
-5.62	-0.926952
-5.6	-0.92595
-5.58	-0.924934
-5.56	-0.923903
-5.54	-0.922858
-5.52	-0.921798
-5.5	-0.920722
-5.48	-0.919631
-5.46	-0.918524
-5.44	-0.9174
-5.42	-0.91626
-5.4	-0.915103
-5.38	-0.913929
-5.36	-0.912737
-5.34	-0.911527
-5.32	-0.910299
-5.3	-0.909052
-5.28	-0.907786
-5.26	-0.9065
-5.24	-0.905195
-5.22	-0.90387
-5.2	-0.902523
-5.18	-0.901156
-5.16	-0.899768
-5.14	-0.898357
-5.12	-0.896924
-5.1	-0.895469
-5.08	-0.89399
-5.06	-0.892488
-5.04	-0.890961
-5.02	-0.88941
-5	-0.887834
-4.98	-0.886232
-4.96	-0.884604
-4.94	-0.88295
-4.92	-0.881268
-4.9	-0.879559
-4.88	-0.877822
-4.86	-0.876056
-4.84	-0.87426
-4.82	-0.872435
-4.8	-0.87058
-4.78	-0.868693
-4.76	-0.866775
-4.74	-0.864824
-4.72	-0.862841
-4.7	-0.860824
-4.68	-0.858773
-4.66	-0.856687
-4.64	-0.854566
-4.62	-0.852408
-4.6	-0.850214
-4.58	-0.847982
-4.56	-0.845712
-4.54	-0.843403
-4.52	-0.841054
-4.5	-0.838665
-4.48	-0.836234
-4.46	-0.833761
-4.44	-0.831246
-4.42	-0.828686
-4.4	-0.826083
-4.38	-0.823433
-4.36	-0.820738
-4.34	-0.817996
-4.32	-0.815205
-4.3	-0.812366
-4.28	-0.809477
-4.26	-0.806537
-4.24	-0.803546
-4.22	-0.800502
-4.2	-0.797404
-4.18	-0.794252
-4.16	-0.791044
-4.14	-0.787779
-4.12	-0.784457
-4.1	-0.781076
-4.08	-0.777635
-4.06	-0.774134
-4.04	-0.77057
-4.02	-0.766943
-4	-0.763252
-3.98	-0.759495
-3.96	-0.755672
-3.94	-0.751781
-3.92	-0.74782
-3.9	-0.743789
-3.88	-0.739687
-3.86	-0.735512
-3.84	-0.731262
-3.82	-0.726937
-3.8	-0.722535
-3.78	-0.718055
-3.76	-0.713495
-3.74	-0.708855
-3.72	-0.704131
-3.7	-0.699324
-3.68	-0.694432
-3.66	-0.689453
-3.64	-0.684385
-3.62	-0.679228
-3.6	-0.673979
-3.58	-0.668638
-3.56	-0.663201
-3.54	-0.657669
-3.52	-0.652039
-3.5	-0.646309
-3.48	-0.640479
-3.46	-0.634545
-3.44	-0.628507
-3.42	-0.622363
-3.4	-0.616111
-3.38	-0.609749
-3.36	-0.603276
-3.34	-0.596689
-3.32	-0.589987
-3.3	-0.583168
-3.28	-0.57623
-3.26	-0.569171
-3.24	-0.56199
-3.22	-0.554683
-3.2	-0.547251
-3.18	-0.539689
-3.16	-0.531998
-3.14	-0.524173
-3.12	-0.516214
-3.1	-0.508118
-3.08	-0.499884
-3.06	-0.491509
-3.04	-0.482991
-3.02	-0.474328
-3	-0.465518
-2.98	-0.456558
-2.96	-0.447448
-2.94	-0.438184
-2.92	-0.428764
-2.9	-0.419186
-2.88	-0.409448
-2.86	-0.399548
-2.84	-0.389483
-2.82	-0.379252
-2.8	-0.368852
-2.78	-0.358281
-2.76	-0.347536
-2.74	-0.336615
-2.72	-0.325517
-2.7	-0.314239
-2.68	-0.302778
-2.66	-0.291132
-2.64	-0.2793
-2.62	-0.267279
-2.6	-0.255066
-2.58	-0.24266
-2.56	-0.230058
-2.54	-0.217259
-2.52	-0.204259
-2.5	-0.191056
-2.48	-0.17765
-2.46	-0.164037
-2.44	-0.150215
-2.42	-0.136182
-2.4	-0.121936
-2.38	-0.107476
-2.36	-0.0927981
-2.34	-0.0779017
-2.32	-0.0627844
-2.3	-0.0474443
-2.28	-0.0318795
-2.26	-0.0160883
-2.24	-6.86782e-05
-2.22	0.0161809
-2.2	0.0326623
-2.18	0.0493771
-2.16	0.0663268
-2.14	0.0835131
-2.12	0.100937
-2.1	0.118601
-2.08	0.136505
-2.06	0.154652
-2.04	0.173041
-2.02	0.191675
-2	0.210555
-1.98	0.22968
-1.96	0.249053
-1.94	0.268674
-1.92	0.288543
-1.9	0.308662
-1.88	0.32903
-1.86	0.349649
-1.84	0.370518
-1.82	0.391637
-1.8	0.413007
-1.78	0.434628
-1.76	0.456499
-1.74	0.47862
-1.72	0.50099
-1.7	0.52361
-1.68	0.546477
-1.66	0.569592
-1.64	0.592954
-1.62	0.61656
-1.6	0.640411
-1.58	0.664504
-1.56	0.688837
-1.54	0.71341
-1.52	0.73822
-1.5	0.763265
-1.48	0.788542
-1.46	0.81405
-1.44	0.839785
-1.42	0.865745
-1.4	0.891926
-1.38	0.918327
-1.36	0.944942
-1.34	0.971769
-1.32	0.998804
-1.3	1.02604
-1.28	1.05348
-1.26	1.08112
-1.24	1.10894
-1.22	1.13695
-1.2	1.16514
-1.18	1.19351
-1.16	1.22205
-1.14	1.25076
-1.12	1.27962
-1.1	1.30864
-1.08	1.3378
-1.06	1.36711
-1.04	1.39655
-1.02	1.42612
-1	1.45581
-0.98	1.48561
-0.96	1.51552
-0.94	1.54553
-0.92	1.57564
-0.9	1.60582
-0.88	1.63608
-0.86	1.66641
-0.84	1.6968
-0.82	1.72724
-0.8	1.75772
-0.78	1.78823
-0.76	1.81877
-0.74	1.84933
-0.72	1.87989
-0.7	1.91044
-0.68	1.94099
-0.66	1.97151
-0.64	2.002
-0.62	2.03245
-0.6	2.06285
-0.58	2.09318
-0.56	2.12345
-0.54	2.15363
-0.52	2.18372
-0.5	2.21371
-0.48	2.24359
-0.46	2.27334
-0.44	2.30296
-0.42	2.33244
-0.4	2.36177
-0.38	2.39093
-0.36	2.41992
-0.34	2.44873
-0.32	2.47734
-0.3	2.50575
-0.28	2.53394
-0.26	2.56191
-0.24	2.58965
-0.22	2.61714
-0.2	2.64438
-0.18	2.67136
-0.16	2.69807
-0.14	2.72449
-0.12	2.75062
-0.1	2.77646
-0.08	2.80198
-0.06	2.82719
-0.04	2.85208
-0.02	2.87663
3.37681e-13	2.90084
0.02	2.9247
0.04	2.9482
0.06	2.97134
0.08	2.9941
0.1	3.01649
0.12	3.03849
0.14	3.06011
0.16	3.08132
0.18	3.10213
0.2	3.12253
0.22	3.14251
0.24	3.16208
0.26	3.18122
0.28	3.19993
0.3	3.21821
0.32	3.23605
0.34	3.25345
0.36	3.27041
0.38	3.28691
0.4	3.30297
0.42	3.31858
0.44	3.33373
0.46	3.34842
0.48	3.36265
0.5	3.37643
0.52	3.38974
0.54	3.40259
0.56	3.41498
0.58	3.42691
0.6	3.43837
0.62	3.44938
0.64	3.45992
0.66	3.47
0.68	3.47963
0.7	3.48879
0.72	3.4975
0.74	3.50576
0.76	3.51356
0.78	3.52092
0.8	3.52783
0.82	3.53429
0.84	3.54032
0.86	3.5459
0.88	3.55106
0.9	3.55578
0.92	3.56008
0.94	3.56395
0.96	3.56741
0.98	3.57046
1	3.57309
1.02	3.57533
1.04	3.57716
1.06	3.5786
1.08	3.57965
1.1	3.58032
1.12	3.5806
1.14	3.58052
1.16	3.58007
1.18	3.57926
1.2	3.57809
1.22	3.57658
1.24	3.57472
1.26	3.57252
1.28	3.56999
1.3	3.56714
1.32	3.56397
1.34	3.56049
1.36	3.5567
1.38	3.55261
1.4	3.54822
1.42	3.54355
1.44	3.5386
1.46	3.53338
1.48	3.52788
1.5	3.52213
1.52	3.51612
1.54	3.50986
1.56	3.50336
1.58	3.49662
1.6	3.48965
1.62	3.48246
1.64	3.47505
1.66	3.46743
1.68	3.4596
1.7	3.45158
1.72	3.44336
1.74	3.43496
1.76	3.42637
1.78	3.41761
1.8	3.40868
1.82	3.39958
1.84	3.39033
1.86	3.38093
1.88	3.37137
1.9	3.36168
1.92	3.35185
1.94	3.34189
1.96	3.33181
1.98	3.3216
2	3.31128
2.02	3.30085
2.04	3.29031
2.06	3.27967
2.08	3.26894
2.1	3.25812
2.12	3.2472
2.14	3.23621
2.16	3.22514
2.18	3.21399
2.2	3.20278
2.22	3.1915
2.24	3.18016
2.26	3.16876
2.28	3.15731
2.3	3.14581
2.32	3.13427
2.34	3.12268
2.36	3.11105
2.38	3.09939
2.4	3.0877
2.42	3.07598
2.44	3.06423
2.46	3.05246
2.48	3.04067
2.5	3.02887
2.52	3.01705
2.54	3.00522
2.56	2.99338
2.58	2.98154
2.6	2.9697
2.62	2.95786
2.64	2.94601
2.66	2.93418
2.68	2.92235
2.7	2.91053
2.72	2.89872
2.74	2.88693
2.76	2.87515
2.78	2.86339
2.8	2.85164
2.82	2.83992
2.84	2.82823
2.86	2.81655
2.88	2.80491
2.9	2.79329
2.92	2.7817
2.94	2.77014
2.96	2.75861
2.98	2.74712
3	2.73567
3.02	2.72425
3.04	2.71286
3.06	2.70152
3.08	2.69022
3.1	2.67895
3.12	2.66773
3.14	2.65655
3.16	2.64542
3.18	2.63433
3.2	2.62329
3.22	2.61229
3.24	2.60134
3.26	2.59044
3.28	2.57958
3.3	2.56878
3.32	2.55802
3.34	2.54732
3.36	2.53667
3.38	2.52607
3.4	2.51552
3.42	2.50502
3.44	2.49458
3.46	2.48419
3.48	2.47386
3.5	2.46357
3.52	2.45335
3.54	2.44318
3.56	2.43306
3.58	2.423
3.6	2.41299
3.62	2.40304
3.64	2.39315
3.66	2.38331
3.68	2.37353
3.7	2.3638
3.72	2.35413
3.74	2.34452
3.76	2.33497
3.78	2.32547
3.8	2.31602
3.82	2.30664
3.84	2.29731
3.86	2.28804
3.88	2.27882
3.9	2.26966
3.92	2.26056
3.94	2.25151
3.96	2.24252
3.98	2.23359
4	2.22471
4.02	2.21589
4.04	2.20713
4.06	2.19842
4.08	2.18976
4.1	2.18116
4.12	2.17262
4.14	2.16413
4.16	2.1557
4.18	2.14732
4.2	2.139
4.22	2.13073
4.24	2.12251
4.26	2.11435
4.28	2.10624
4.3	2.09819
4.32	2.09018
4.34	2.08224
4.36	2.07434
4.38	2.0665
4.4	2.0587
4.42	2.05096
4.44	2.04327
4.46	2.03564
4.48	2.02805
4.5	2.02051
4.52	2.01303
4.54	2.00559
4.56	1.99821
4.58	1.99087
4.6	1.98359
4.62	1.97635
4.64	1.96916
4.66	1.96202
4.68	1.95492
4.7	1.94788
4.72	1.94088
4.74	1.93393
4.76	1.92702
4.78	1.92017
4.8	1.91336
4.82	1.90659
4.84	1.89987
4.86	1.89319
4.88	1.88656
4.9	1.87998
4.92	1.87344
4.94	1.86694
4.96	1.86048
4.98	1.85407
5	1.8477
5.02	1.84138
5.04	1.83509
5.06	1.82885
5.08	1.82265
5.1	1.8165
5.12	1.81038
5.14	1.8043
5.16	1.79827
5.18	1.79227
5.2	1.78631
5.22	1.7804
5.24	1.77452
5.26	1.76868
5.28	1.76288
5.3	1.75712
5.32	1.75139
5.34	1.74571
5.36	1.74006
5.38	1.73445
5.4	1.72887
5.42	1.72333
5.44	1.71783
5.46	1.71236
5.48	1.70693
5.5	1.70154
5.52	1.69617
5.54	1.69085
5.56	1.68556
5.58	1.6803
5.6	1.67507
5.62	1.66988
5.64	1.66473
5.66	1.6596
5.68	1.65451
5.7	1.64945
5.72	1.64443
5.74	1.63943
5.76	1.63447
5.78	1.62954
5.8	1.62464
5.82	1.61977
5.84	1.61493
5.86	1.61012
5.88	1.60534
5.9	1.60059
5.92	1.59587
5.94	1.59118
5.96	1.58652
5.98	1.58189
6	1.57729
6.02	1.57271
6.04	1.56816
6.06	1.56365
6.08	1.55915
6.1	1.55469
6.12	1.55025
6.14	1.54584
6.16	1.54146
6.18	1.53711
6.2	1.53278
6.22	1.52847
6.24	1.52419
6.26	1.51994
6.28	1.51571
6.3	1.51151
6.32	1.50733
6.34	1.50318
6.36	1.49905
6.38	1.49495
6.4	1.49087
6.42	1.48682
6.44	1.48278
6.46	1.47878
6.48	1.47479
6.5	1.47083
6.52	1.46689
6.54	1.46297
6.56	1.45908
6.58	1.45521
6.6	1.45136
6.62	1.44753
6.64	1.44373
6.66	1.43995
6.68	1.43618
6.7	1.43244
6.72	1.42872
6.74	1.42502
6.76	1.42135
6.78	1.41769
6.8	1.41405
6.82	1.41044
6.84	1.40684
6.86	1.40326
6.88	1.3997
6.9	1.39617
6.92	1.39265
6.94	1.38915
6.96	1.38567
6.98	1.38221
7	1.37877
7.02	1.37534
7.04	1.37194
7.06	1.36855
7.08	1.36518
7.1	1.36183
7.12	1.3585
7.14	1.35518
7.16	1.35189
7.18	1.34861
7.2	1.34534
7.22	1.3421
7.24	1.33887
7.26	1.33566
7.28	1.33246
7.3	1.32928
7.32	1.32612
7.34	1.32298
7.36	1.31985
7.38	1.31673
7.4	1.31364
7.42	1.31056
7.44	1.30749
7.46	1.30444
7.48	1.3014
7.5	1.29838
7.52	1.29538
7.54	1.29239
7.56	1.28942
7.58	1.28646
7.6	1.28351
7.62	1.28058
7.64	1.27767
7.66	1.27477
7.68	1.27188
7.7	1.26901
7.72	1.26615
7.74	1.2633
7.76	1.26047
7.78	1.25766
7.8	1.25485
7.82	1.25206
7.84	1.24929
7.86	1.24652
7.88	1.24377
7.9	1.24103
7.92	1.23831
7.94	1.2356
7.96	1.2329
7.98	1.23022
8	1.22754
8.02	1.22488
8.04	1.22224
8.06	1.2196
8.08	1.21698
8.1	1.21437
8.12	1.21177
8.14	1.20918
8.16	1.2066
8.18	1.20404
8.2	1.20149
8.22	1.19895
8.24	1.19642
8.26	1.1939
8.28	1.1914
8.3	1.1889
8.32	1.18642
8.34	1.18395
8.36	1.18149
8.38	1.17904
8.4	1.1766
8.42	1.17417
8.44	1.17175
8.46	1.16935
8.48	1.16695
8.5	1.16457
8.52	1.16219
8.54	1.15982
8.56	1.15747
8.58	1.15513
8.6	1.15279
8.62	1.15047
8.64	1.14815
8.66	1.14585
8.68	1.14355
8.7	1.14127
8.72	1.13899
8.74	1.13673
8.76	1.13447
8.78	1.13223
8.8	1.12999
8.82	1.12776
8.84	1.12555
8.86	1.12334
8.88	1.12114
8.9	1.11895
8.92	1.11677
8.94	1.11459
8.96	1.11243
8.98	1.11028
9	1.10813
9.02	1.10599
9.04	1.10387
9.06	1.10175
9.08	1.09964
9.1	1.09753
9.12	1.09544
9.14	1.09335
9.16	1.09128
9.18	1.08921
9.2	1.08715
9.22	1.0851
9.24	1.08305
9.26	1.08102
9.28	1.07899
9.3	1.07697
9.32	1.07496
9.34	1.07295
9.36	1.07096
9.38	1.06897
9.4	1.06699
9.42	1.06501
9.44	1.06305
9.46	1.06109
9.48	1.05914
9.5	1.0572
9.52	1.05526
9.54	1.05333
9.56	1.05141
9.58	1.0495
9.6	1.04759
9.62	1.0457
9.64	1.0438
9.66	1.04192
9.68	1.04004
9.7	1.03817
9.72	1.03631
9.74	1.03445
9.76	1.0326
9.78	1.03076
9.8	1.02893
9.82	1.0271
9.84	1.02528
9.86	1.02346
9.88	1.02165
9.9	1.01985
9.92	1.01805
9.94	1.01626
9.96	1.01448
9.98	1.01271
10	1.01094
10.02	1.00917
10.04	1.00742
10.06	1.00567
10.08	1.00392
10.1	1.00218
10.12	1.00045
10.14	0.998727
10.16	0.997008
10.18	0.995294
10.2	0.993587
10.22	0.991886
10.24	0.990191
10.26	0.988501
10.28	0.986818
10.3	0.985141
10.32	0.983469
10.34	0.981803
10.36	0.980143
10.38	0.978489
10.4	0.97684
10.42	0.975198
10.44	0.97356
10.46	0.971929
10.48	0.970303
10.5	0.968683
10.52	0.967068
10.54	0.965458
10.56	0.963855
10.58	0.962256
10.6	0.960663
10.62	0.959075
10.64	0.957493
10.66	0.955916
10.68	0.954345
10.7	0.952778
10.72	0.951217
10.74	0.949661
10.76	0.94811
10.78	0.946565
10.8	0.945024
10.82	0.943489
10.84	0.941958
10.86	0.940433
10.88	0.938913
10.9	0.937397
10.92	0.935887
10.94	0.934381
10.96	0.932881
10.98	0.931385
11	0.929894
11.02	0.928408
11.04	0.926927
11.06	0.925451
11.08	0.923979
11.1	0.922512
11.12	0.92105
11.14	0.919593
11.16	0.91814
11.18	0.916691
11.2	0.915248
11.22	0.913809
11.24	0.912374
11.26	0.910944
11.28	0.909519
11.3	0.908098
11.32	0.906681
11.34	0.905269
11.36	0.903861
11.38	0.902458
11.4	0.901059
11.42	0.899665
11.44	0.898275
11.46	0.896889
11.48	0.895507
11.5	0.89413
11.52	0.892757
11.54	0.891388
11.56	0.890023
11.58	0.888662
11.6	0.887306
11.62	0.885954
11.64	0.884606
11.66	0.883262
11.68	0.881922
11.7	0.880586
11.72	0.879254
11.74	0.877926
11.76	0.876603
11.78	0.875283
11.8	0.873967
11.82	0.872655
11.84	0.871347
11.86	0.870043
11.88	0.868743
11.9	0.867446
11.92	0.866154
11.94	0.864865
11.96	0.86358
11.98	0.862299
12	0.861022
12.02	0.859748
12.04	0.858479
12.06	0.857213
12.08	0.85595
12.1	0.854691
12.12	0.853436
12.14	0.852185
12.16	0.850937
12.18	0.849693
12.2	0.848453
12.22	0.847216
12.24	0.845982
12.26	0.844752
12.28	0.843526
12.3	0.842303
12.32	0.841084
12.34	0.839868
12.36	0.838656
12.38	0.837447
12.4	0.836242
12.42	0.83504
12.44	0.833841
12.46	0.832646
12.48	0.831454
12.5	0.830265
12.52	0.82908
12.54	0.827898
12.56	0.82672
12.58	0.825545
12.6	0.824373
12.62	0.823204
12.64	0.822039
12.66	0.820877
12.68	0.819718
12.7	0.818562
12.72	0.817409
12.74	0.81626
12.76	0.815114
12.78	0.813971
12.8	0.812831
12.82	0.811694
12.84	0.810561
12.86	0.80943
12.88	0.808303
12.9	0.807178
12.92	0.806057
12.94	0.804939
12.96	0.803823
12.98	0.802711
13	0.801602
13.02	0.800496
13.04	0.799393
13.06	0.798292
13.08	0.797195
13.1	0.796101
13.12	0.795009
13.14	0.793921
13.16	0.792835
13.18	0.791752
13.2	0.790673
13.22	0.789596
13.24	0.788521
13.26	0.78745
13.28	0.786382
13.3	0.785316
13.32	0.784253
13.34	0.783193
13.36	0.782136
13.38	0.781082
13.4	0.78003
13.42	0.778981
13.44	0.777935
13.46	0.776891
13.48	0.775851
13.5	0.774812
13.52	0.773777
13.54	0.772744
13.56	0.771714
13.58	0.770687
13.6	0.769662
13.62	0.76864
13.64	0.767621
13.66	0.766604
13.68	0.76559
13.7	0.764578
13.72	0.763569
13.74	0.762563
13.76	0.761559
13.78	0.760558
13.8	0.759559
13.82	0.758563
13.84	0.757569
13.86	0.756578
13.88	0.755589
13.9	0.754603
13.92	0.753619
13.94	0.752638
13.96	0.751659
13.98	0.750683
14	0.749709
14.02	0.748737
14.04	0.747768
14.06	0.746802
14.08	0.745837
14.1	0.744876
14.12	0.743916
14.14	0.742959
14.16	0.742005
14.18	0.741052
14.2	0.740102
14.22	0.739155
14.24	0.738209
14.26	0.737266
14.28	0.736326
14.3	0.735387
14.32	0.734451
14.34	0.733518
14.36	0.732586
14.38	0.731657
14.4	0.73073
14.42	0.729805
14.44	0.728883
14.46	0.727962
14.48	0.727044
14.5	0.726129
14.52	0.725215
14.54	0.724304
14.56	0.723395
14.58	0.722488
14.6	0.721583
14.62	0.72068
14.64	0.71978
14.66	0.718881
14.68	0.717985
14.7	0.717091
14.72	0.716199
14.74	0.715309
14.76	0.714422
14.78	0.713536
14.8	0.712653
14.82	0.711771
14.84	0.710892
14.86	0.710015
14.88	0.70914
14.9	0.708266
14.92	0.707395
14.94	0.706526
14.96	0.705659
14.98	0.704794
15	0.703931
15.02	0.70307
15.04	0.702212
15.06	0.701355
15.08	0.7005
15.1	0.699647
15.12	0.698796
15.14	0.697947
15.16	0.6971
15.18	0.696255
15.2	0.695412
15.22	0.69457
15.24	0.693731
15.26	0.692894
15.28	0.692058
15.3	0.691225
15.32	0.690393
15.34	0.689564
15.36	0.688736
15.38	0.68791
15.4	0.687086
15.42	0.686264
15.44	0.685443
15.46	0.684625
15.48	0.683808
15.5	0.682994
15.52	0.682181
15.54	0.68137
15.56	0.68056
15.58	0.679753
15.6	0.678947
15.62	0.678144
15.64	0.677342
15.66	0.676541
15.68	0.675743
15.7	0.674946
15.72	0.674152
15.74	0.673359
15.76	0.672567
15.78	0.671778
15.8	0.67099
15.82	0.670204
15.84	0.66942
15.86	0.668637
15.88	0.667856
15.9	0.667077
15.92	0.6663
15.94	0.665524
15.96	0.66475
15.98	0.663978
16	0.663207
16.02	0.662438
16.04	0.661671
16.06	0.660905
16.08	0.660142
16.1	0.659379
16.12	0.658619
16.14	0.65786
16.16	0.657103
16.18	0.656347
16.2	0.655593
16.22	0.654841
16.24	0.65409
16.26	0.653341
16.28	0.652593
16.3	0.651848
16.32	0.651103
16.34	0.650361
16.36	0.64962
16.38	0.64888
16.4	0.648142
16.42	0.647406
16.44	0.646671
16.46	0.645938
16.48	0.645206
16.5	0.644476
16.52	0.643748
16.54	0.643021
16.56	0.642295
16.58	0.641571
16.6	0.640849
16.62	0.640128
16.64	0.639409
16.66	0.638691
16.68	0.637975
16.7	0.63726
16.72	0.636547
16.74	0.635835
16.76	0.635125
16.78	0.634416
16.8	0.633709
16.82	0.633003
16.84	0.632299
16.86	0.631596
16.88	0.630894
16.9	0.630194
16.92	0.629496
16.94	0.628799
16.96	0.628103
16.98	0.627409
17	0.626716
17.02	0.626025
17.04	0.625335
17.06	0.624646
17.08	0.623959
17.1	0.623274
17.12	0.62259
17.14	0.621907
17.16	0.621225
17.18	0.620545
17.2	0.619867
17.22	0.619189
17.24	0.618514
17.26	0.617839
17.28	0.617166
17.3	0.616494
17.32	0.615824
17.34	0.615155
17.36	0.614487
17.38	0.613821
17.4	0.613156
17.42	0.612492
17.44	0.61183
17.46	0.611169
17.48	0.610509
17.5	0.609851
17.52	0.609194
17.54	0.608539
17.56	0.607884
17.58	0.607231
17.6	0.60658
17.62	0.605929
17.64	0.60528
17.66	0.604632
17.68	0.603986
17.7	0.60334
17.72	0.602696
17.74	0.602054
17.76	0.601412
17.78	0.600772
17.8	0.600133
17.82	0.599496
17.84	0.598859
17.86	0.598224
17.88	0.597591
17.9	0.596958
17.92	0.596327
17.94	0.595697
17.96	0.595068
17.98	0.59444
18	0.593814
18.02	0.593188
18.04	0.592565
18.06	0.591942
18.08	0.59132
18.1	0.5907
18.12	0.590081
18.14	0.589463
18.16	0.588846
18.18	0.588231
18.2	0.587616
18.22	0.587003
18.24	0.586391
18.26	0.585781
18.28	0.585171
18.3	0.584563
18.32	0.583956
18.34	0.583349
18.36	0.582745
18.38	0.582141
18.4	0.581538
18.42	0.580937
18.44	0.580337
18.46	0.579738
18.48	0.57914
18.5	0.578543
18.52	0.577947
18.54	0.577353
18.56	0.576759
18.58	0.576167
18.6	0.575576
18.62	0.574986
18.64	0.574397
18.66	0.573809
18.68	0.573222
18.7	0.572637
18.72	0.572052
18.74	0.571469
18.76	0.570886
18.78	0.570305
18.8	0.569725
18.82	0.569146
18.84	0.568568
18.86	0.567991
18.88	0.567416
18.9	0.566841
18.92	0.566267
18.94	0.565695
18.96	0.565123
18.98	0.564553
19	0.563984
19.02	0.563415
19.04	0.562848
19.06	0.562282
19.08	0.561717
19.1	0.561153
19.12	0.56059
19.14	0.560028
19.16	0.559467
19.18	0.558907
19.2	0.558348
19.22	0.55779
19.24	0.557234
19.26	0.556678
19.28	0.556123
19.3	0.555569
19.32	0.555017
19.34	0.554465
19.36	0.553914
19.38	0.553364
19.4	0.552816
19.42	0.552268
19.44	0.551721
19.46	0.551176
19.48	0.550631
19.5	0.550087
19.52	0.549544
19.54	0.549003
19.56	0.548462
19.58	0.547922
19.6	0.547383
19.62	0.546845
19.64	0.546309
19.66	0.545773
19.68	0.545238
19.7	0.544704
19.72	0.544171
19.74	0.543639
19.76	0.543108
19.78	0.542577
19.8	0.542048
19.82	0.54152
19.84	0.540993
19.86	0.540466
19.88	0.539941
19.9	0.539416
19.92	0.538893
19.94	0.53837
19.96	0.537849
19.98	0.537328
20	0.536808
