19.98	-2.40608e-09
19.96	-2.45431e-09
19.94	-2.50352e-09
19.92	-2.55372e-09
19.9	-2.60494e-09
19.88	-2.65719e-09
19.86	-2.71049e-09
19.84	-2.76488e-09
19.82	-2.82036e-09
19.8	-2.87696e-09
19.78	-2.93471e-09
19.76	-2.99362e-09
19.74	-3.05372e-09
19.72	-3.11504e-09
19.7	-3.17759e-09
19.68	-3.24141e-09
19.66	-3.30652e-09
19.64	-3.37295e-09
19.62	-3.44071e-09
19.6	-3.50985e-09
19.58	-3.58038e-09
19.56	-3.65234e-09
19.54	-3.72575e-09
19.52	-3.80064e-09
19.5	-3.87705e-09
19.48	-3.955e-09
19.46	-4.03453e-09
19.44	-4.11566e-09
19.42	-4.19843e-09
19.4	-4.28287e-09
19.38	-4.36902e-09
19.36	-4.45691e-09
19.34	-4.54658e-09
19.32	-4.63805e-09
19.3	-4.73138e-09
19.28	-4.82659e-09
19.26	-4.92372e-09
19.24	-5.02282e-09
19.22	-5.12392e-09
19.2	-5.22706e-09
19.18	-5.33228e-09
19.16	-5.43963e-09
19.14	-5.54915e-09
19.12	-5.66088e-09
19.1	-5.77487e-09
19.08	-5.89116e-09
19.06	-6.0098e-09
19.04	-6.13084e-09
19.02	-6.25432e-09
19	-6.38029e-09
18.98	-6.50882e-09
18.96	-6.63994e-09
18.94	-6.7737e-09
18.92	-6.91017e-09
18.9	-7.0494e-09
18.88	-7.19144e-09
18.86	-7.33635e-09
18.84	-7.48418e-09
18.82	-7.63501e-09
18.8	-7.78888e-09
18.78	-7.94585e-09
18.76	-8.106e-09
18.74	-8.26939e-09
18.72	-8.43607e-09
18.7	-8.60613e-09
18.68	-8.77961e-09
18.66	-8.95661e-09
18.64	-9.13717e-09
18.62	-9.32139e-09
18.6	-9.50933e-09
18.58	-9.70106e-09
18.56	-9.89667e-09
18.54	-1.00962e-08
18.52	-1.02998e-08
18.5	-1.05075e-08
18.48	-1.07194e-08
18.46	-1.09356e-08
18.44	-1.11562e-08
18.42	-1.13812e-08
18.4	-1.16107e-08
18.38	-1.18449e-08
18.36	-1.20838e-08
18.34	-1.23276e-08
18.32	-1.25762e-08
18.3	-1.28299e-08
18.28	-1.30887e-08
18.26	-1.33528e-08
18.24	-1.36222e-08
18.22	-1.3897e-08
18.2	-1.41773e-08
18.18	-1.44634e-08
18.16	-1.47552e-08
18.14	-1.50529e-08
18.12	-1.53566e-08
18.1	-1.56665e-08
18.08	-1.59826e-08
18.06	-1.63051e-08
18.04	-1.66341e-08
18.02	-1.69698e-08
18	-1.73123e-08
17.98	-1.76616e-08
17.96	-1.8018e-08
17.94	-1.83817e-08
17.92	-1.87526e-08
17.9	-1.91311e-08
17.88	-1.95172e-08
17.86	-1.99111e-08
17.84	-2.0313e-08
17.82	-2.0723e-08
17.8	-2.11413e-08
17.78	-2.1568e-08
17.76	-2.20033e-08
17.74	-2.24474e-08
17.72	-2.29006e-08
17.7	-2.33628e-08
17.68	-2.38344e-08
17.66	-2.43155e-08
17.64	-2.48064e-08
17.62	-2.53071e-08
17.6	-2.5818e-08
17.58	-2.63392e-08
17.56	-2.68709e-08
17.54	-2.74134e-08
17.52	-2.79668e-08
17.5	-2.85314e-08
17.48	-2.91075e-08
17.46	-2.96951e-08
17.44	-3.02946e-08
17.42	-3.09063e-08
17.4	-3.15302e-08
17.38	-3.21668e-08
17.36	-3.28163e-08
17.34	-3.34789e-08
17.32	-3.41548e-08
17.3	-3.48444e-08
17.28	-3.5548e-08
17.26	-3.62657e-08
17.24	-3.6998e-08
17.22	-3.7745e-08
17.2	-3.85072e-08
17.18	-3.92847e-08
17.16	-4.00779e-08
17.14	-4.08872e-08
17.12	-4.17128e-08
17.1	-4.25551e-08
17.08	-4.34144e-08
17.06	-4.42911e-08
17.04	-4.51855e-08
17.02	-4.60979e-08
17	-4.70288e-08
16.98	-4.79785e-08
16.96	-4.89474e-08
16.94	-4.99358e-08
16.92	-5.09442e-08
16.9	-5.1973e-08
16.88	-5.30226e-08
16.86	-5.40933e-08
16.84	-5.51857e-08
16.82	-5.63002e-08
16.8	-5.74372e-08
16.78	-5.85971e-08
16.76	-5.97805e-08
16.74	-6.09878e-08
16.72	-6.22195e-08
16.7	-6.34761e-08
16.68	-6.4758e-08
16.66	-6.60658e-08
16.64	-6.74001e-08
16.62	-6.87613e-08
16.6	-7.015e-08
16.58	-7.15668e-08
16.56	-7.30122e-08
16.54	-7.44868e-08
16.52	-7.59911e-08
16.5	-7.75259e-08
16.48	-7.90917e-08
16.46	-8.06891e-08
16.44	-8.23188e-08
16.42	-8.39814e-08
16.4	-8.56775e-08
16.38	-8.7408e-08
16.36	-8.91734e-08
16.34	-9.09744e-08
16.32	-9.28119e-08
16.3	-9.46865e-08
16.28	-9.65989e-08
16.26	-9.855e-08
16.24	-1.0054e-07
16.22	-1.02571e-07
16.2	-1.04643e-07
16.18	-1.06756e-07
16.16	-1.08913e-07
16.14	-1.11113e-07
16.12	-1.13357e-07
16.1	-1.15646e-07
16.08	-1.17982e-07
16.06	-1.20365e-07
16.04	-1.22796e-07
16.02	-1.25277e-07
16	-1.27807e-07
15.98	-1.30389e-07
15.96	-1.33022e-07
15.94	-1.35709e-07
15.92	-1.3845e-07
15.9	-1.41247e-07
15.88	-1.441e-07
15.86	-1.47011e-07
15.84	-1.4998e-07
15.82	-1.5301e-07
15.8	-1.561e-07
15.78	-1.59253e-07
15.76	-1.6247e-07
15.74	-1.65752e-07
15.72	-1.691e-07
15.7	-1.72516e-07
15.68	-1.76e-07
15.66	-1.79555e-07
15.64	-1.83182e-07
15.62	-1.86882e-07
15.6	-1.90657e-07
15.58	-1.94508e-07
15.56	-1.98437e-07
15.54	-2.02446e-07
15.52	-2.06535e-07
15.5	-2.10707e-07
15.48	-2.14963e-07
15.46	-2.19305e-07
15.44	-2.23735e-07
15.42	-2.28255e-07
15.4	-2.32866e-07
15.38	-2.37569e-07
15.36	-2.42368e-07
15.34	-2.47264e-07
15.32	-2.52259e-07
15.3	-2.57354e-07
15.28	-2.62553e-07
15.26	-2.67856e-07
15.24	-2.73267e-07
15.22	-2.78787e-07
15.2	-2.84419e-07
15.18	-2.90164e-07
15.16	-2.96025e-07
15.14	-3.02005e-07
15.12	-3.08106e-07
15.1	-3.14329e-07
15.08	-3.20679e-07
15.06	-3.27157e-07
15.04	-3.33765e-07
15.02	-3.40508e-07
15	-3.47386e-07
14.98	-3.54403e-07
14.96	-3.61562e-07
14.94	-3.68866e-07
14.92	-3.76317e-07
14.9	-3.83919e-07
14.88	-3.91674e-07
14.86	-3.99586e-07
14.84	-4.07658e-07
14.82	-4.15893e-07
14.8	-4.24294e-07
14.78	-4.32865e-07
14.76	-4.41609e-07
14.74	-4.5053e-07
14.72	-4.59631e-07
14.7	-4.68916e-07
14.68	-4.78388e-07
14.66	-4.88052e-07
14.64	-4.97911e-07
14.62	-5.07969e-07
14.6	-5.1823e-07
14.58	-5.28699e-07
14.56	-5.39379e-07
14.54	-5.50275e-07
14.52	-5.61391e-07
14.5	-5.72731e-07
14.48	-5.84301e-07
14.46	-5.96104e-07
14.44	-6.08146e-07
14.42	-6.20431e-07
14.4	-6.32964e-07
14.38	-6.4575e-07
14.36	-6.58795e-07
14.34	-6.72103e-07
14.32	-6.8568e-07
14.3	-6.99532e-07
14.28	-7.13663e-07
14.26	-7.28079e-07
14.24	-7.42787e-07
14.22	-7.57792e-07
14.2	-7.731e-07
14.18	-7.88718e-07
14.16	-8.0465e-07
14.14	-8.20905e-07
14.12	-8.37488e-07
14.1	-8.54406e-07
14.08	-8.71666e-07
14.06	-8.89274e-07
14.04	-9.07238e-07
14.02	-9.25565e-07
14	-9.44263e-07
13.98	-9.63338e-07
13.96	-9.82798e-07
13.94	-1.00265e-06
13.92	-1.02291e-06
13.9	-1.04357e-06
13.88	-1.06465e-06
13.86	-1.08616e-06
13.84	-1.1081e-06
13.82	-1.13048e-06
13.8	-1.15332e-06
13.78	-1.17662e-06
13.76	-1.20039e-06
13.74	-1.22464e-06
13.72	-1.24938e-06
13.7	-1.27462e-06
13.68	-1.30036e-06
13.66	-1.32663e-06
13.64	-1.35343e-06
13.62	-1.38077e-06
13.6	-1.40867e-06
13.58	-1.43712e-06
13.56	-1.46615e-06
13.54	-1.49577e-06
13.52	-1.52599e-06
13.5	-1.55681e-06
13.48	-1.58826e-06
13.46	-1.62035e-06
13.44	-1.65308e-06
13.42	-1.68648e-06
13.4	-1.72054e-06
13.38	-1.7553e-06
13.36	-1.79076e-06
13.34	-1.82694e-06
13.32	-1.86384e-06
13.3	-1.90149e-06
13.28	-1.93991e-06
13.26	-1.97909e-06
13.24	-2.01907e-06
13.22	-2.05986e-06
13.2	-2.10147e-06
13.18	-2.14392e-06
13.16	-2.18723e-06
13.14	-2.23142e-06
13.12	-2.2765e-06
13.1	-2.32248e-06
13.08	-2.3694e-06
13.06	-2.41727e-06
13.04	-2.4661e-06
13.02	-2.51592e-06
13	-2.56674e-06
12.98	-2.61859e-06
12.96	-2.67149e-06
12.94	-2.72546e-06
12.92	-2.78051e-06
12.9	-2.83668e-06
12.88	-2.89399e-06
12.86	-2.95245e-06
12.84	-3.01209e-06
12.82	-3.07294e-06
12.8	-3.13502e-06
12.78	-3.19835e-06
12.76	-3.26296e-06
12.74	-3.32887e-06
12.72	-3.39612e-06
12.7	-3.46473e-06
12.68	-3.53472e-06
12.66	-3.60612e-06
12.64	-3.67897e-06
12.62	-3.75329e-06
12.6	-3.82911e-06
12.58	-3.90647e-06
12.56	-3.98538e-06
12.54	-4.06589e-06
12.52	-4.14803e-06
12.5	-4.23182e-06
12.48	-4.31731e-06
12.46	-4.40452e-06
12.44	-4.4935e-06
12.42	-4.58427e-06
12.4	-4.67688e-06
12.38	-4.77136e-06
12.36	-4.86775e-06
12.34	-4.96608e-06
12.32	-5.0664e-06
12.3	-5.16875e-06
12.28	-5.27316e-06
12.26	-5.37969e-06
12.24	-5.48836e-06
12.22	-5.59924e-06
12.2	-5.71235e-06
12.18	-5.82774e-06
12.16	-5.94547e-06
12.14	-6.06558e-06
12.12	-6.18811e-06
12.1	-6.31311e-06
12.08	-6.44065e-06
12.06	-6.57076e-06
12.04	-6.70349e-06
12.02	-6.83891e-06
12	-6.97707e-06
11.98	-7.11801e-06
11.96	-7.2618e-06
11.94	-7.4085e-06
11.92	-7.55816e-06
11.9	-7.71084e-06
11.88	-7.86661e-06
11.86	-8.02553e-06
11.84	-8.18765e-06
11.82	-8.35305e-06
11.8	-8.52179e-06
11.78	-8.69394e-06
11.76	-8.86957e-06
11.74	-9.04874e-06
11.72	-9.23154e-06
11.7	-9.41803e-06
11.68	-9.60828e-06
11.66	-9.80238e-06
11.64	-1.00004e-05
11.62	-1.02024e-05
11.6	-1.04085e-05
11.58	-1.06188e-05
11.56	-1.08333e-05
11.54	-1.10521e-05
11.52	-1.12754e-05
11.5	-1.15032e-05
11.48	-1.17356e-05
11.46	-1.19726e-05
11.44	-1.22145e-05
11.42	-1.24612e-05
11.4	-1.2713e-05
11.38	-1.29698e-05
11.36	-1.32318e-05
11.34	-1.34991e-05
11.32	-1.37718e-05
11.3	-1.405e-05
11.28	-1.43338e-05
11.26	-1.46234e-05
11.24	-1.49188e-05
11.22	-1.52201e-05
11.2	-1.55276e-05
11.18	-1.58413e-05
11.16	-1.61613e-05
11.14	-1.64878e-05
11.12	-1.68208e-05
11.1	-1.71606e-05
11.08	-1.75073e-05
11.06	-1.7861e-05
11.04	-1.82218e-05
11.02	-1.85899e-05
11	-1.89654e-05
10.98	-1.93485e-05
10.96	-1.97394e-05
10.94	-2.01381e-05
10.92	-2.05449e-05
10.9	-2.096e-05
10.88	-2.13834e-05
10.86	-2.18153e-05
10.84	-2.2256e-05
10.82	-2.27056e-05
10.8	-2.31643e-05
10.78	-2.36322e-05
10.76	-2.41096e-05
10.74	-2.45967e-05
10.72	-2.50935e-05
10.7	-2.56005e-05
10.68	-2.61176e-05
10.66	-2.66452e-05
10.64	-2.71835e-05
10.62	-2.77326e-05
10.6	-2.82928e-05
10.58	-2.88643e-05
10.56	-2.94474e-05
10.54	-3.00423e-05
10.52	-3.06492e-05
10.5	-3.12683e-05
10.48	-3.19e-05
10.46	-3.25444e-05
10.44	-3.32018e-05
10.42	-3.38725e-05
10.4	-3.45567e-05
10.38	-3.52548e-05
10.36	-3.5967e-05
10.34	-3.66935e-05
10.32	-3.74348e-05
10.3	-3.8191e-05
10.28	-3.89624e-05
10.26	-3.97495e-05
10.24	-4.05525e-05
10.22	-4.13717e-05
10.2	-4.22074e-05
10.18	-4.306e-05
10.16	-4.39298e-05
10.14	-4.48172e-05
10.12	-4.57226e-05
10.1	-4.66462e-05
10.08	-4.75885e-05
10.06	-4.85498e-05
10.04	-4.95305e-05
10.02	-5.0531e-05
10	-5.15518e-05
9.98	-5.25932e-05
9.96	-5.36556e-05
9.94	-5.47394e-05
9.92	-5.58452e-05
9.9	-5.69733e-05
9.88	-5.81241e-05
9.86	-5.92983e-05
9.84	-6.04961e-05
9.82	-6.17181e-05
9.8	-6.29649e-05
9.78	-6.42368e-05
9.76	-6.55344e-05
9.74	-6.68582e-05
9.72	-6.82087e-05
9.7	-6.95865e-05
9.68	-7.09922e-05
9.66	-7.24262e-05
9.64	-7.38892e-05
9.62	-7.53818e-05
9.6	-7.69045e-05
9.58	-7.8458e-05
9.56	-8.00428e-05
9.54	-8.16597e-05
9.52	-8.33092e-05
9.5	-8.4992e-05
9.48	-8.67088e-05
9.46	-8.84603e-05
9.44	-9.02472e-05
9.42	-9.20702e-05
9.4	-9.393e-05
9.38	-9.58273e-05
9.36	-9.7763e-05
9.34	-9.97377e-05
9.32	-0.000101752
9.3	-0.000103808
9.28	-0.000105905
9.26	-0.000108044
9.24	-0.000110226
9.22	-0.000112453
9.2	-0.000114724
9.18	-0.000117042
9.16	-0.000119406
9.14	-0.000121818
9.12	-0.000124278
9.1	-0.000126788
9.08	-0.000129349
9.06	-0.000131962
9.04	-0.000134628
9.02	-0.000137347
9	-0.000140121
8.98	-0.000142952
8.96	-0.000145839
8.94	-0.000148785
8.92	-0.00015179
8.9	-0.000154856
8.88	-0.000157984
8.86	-0.000161175
8.84	-0.00016443
8.82	-0.000167752
8.8	-0.00017114
8.78	-0.000174597
8.76	-0.000178123
8.74	-0.000181721
8.72	-0.000185391
8.7	-0.000189136
8.68	-0.000192956
8.66	-0.000196853
8.64	-0.000200829
8.62	-0.000204885
8.6	-0.000209024
8.58	-0.000213245
8.56	-0.000217552
8.54	-0.000221946
8.52	-0.000226429
8.5	-0.000231002
8.48	-0.000235668
8.46	-0.000240428
8.44	-0.000245284
8.42	-0.000250238
8.4	-0.000255292
8.38	-0.000260448
8.36	-0.000265708
8.34	-0.000271074
8.32	-0.000276549
8.3	-0.000282134
8.28	-0.000287832
8.26	-0.000293645
8.24	-0.000299576
8.22	-0.000305626
8.2	-0.000311798
8.18	-0.000318095
8.16	-0.000324519
8.14	-0.000331073
8.12	-0.000337759
8.1	-0.00034458
8.08	-0.000351539
8.06	-0.000358639
8.04	-0.000365881
8.02	-0.00037327
8	-0.000380808
7.98	-0.000388498
7.96	-0.000396344
7.94	-0.000404348
7.92	-0.000412513
7.9	-0.000420843
7.88	-0.000429341
7.86	-0.000438011
7.84	-0.000446856
7.82	-0.00045588
7.8	-0.000465085
7.78	-0.000474477
7.76	-0.000484058
7.74	-0.000493832
7.72	-0.000503804
7.7	-0.000513977
7.68	-0.000524355
7.66	-0.000534942
7.64	-0.000545744
7.62	-0.000556763
7.6	-0.000568005
7.58	-0.000579473
7.56	-0.000591173
7.54	-0.00060311
7.52	-0.000615287
7.5	-0.000627709
7.48	-0.000640383
7.46	-0.000653312
7.44	-0.000666502
7.42	-0.000679958
7.4	-0.000693686
7.38	-0.00070769
7.36	-0.000721977
7.34	-0.000736553
7.32	-0.000751422
7.3	-0.000766592
7.28	-0.000782067
7.26	-0.000797855
7.24	-0.000813961
7.22	-0.000830392
7.2	-0.000847154
7.18	-0.000864255
7.16	-0.000881701
7.14	-0.000899498
7.12	-0.000917654
7.1	-0.000936177
7.08	-0.000955073
7.06	-0.00097435
7.04	-0.000994016
7.02	-0.00101408
7	-0.00103455
6.98	-0.00105542
6.96	-0.00107673
6.94	-0.00109846
6.92	-0.00112062
6.9	-0.00114324
6.88	-0.00116631
6.86	-0.00118985
6.84	-0.00121386
6.82	-0.00123835
6.8	-0.00126334
6.78	-0.00128883
6.76	-0.00131484
6.74	-0.00134137
6.72	-0.00136843
6.7	-0.00139604
6.68	-0.00142421
6.66	-0.00145294
6.64	-0.00148226
6.62	-0.00151216
6.6	-0.00154267
6.58	-0.00157379
6.56	-0.00160553
6.54	-0.00163792
6.52	-0.00167096
6.5	-0.00170467
6.48	-0.00173905
6.46	-0.00177412
6.44	-0.00180991
6.42	-0.00184641
6.4	-0.00188365
6.38	-0.00192164
6.36	-0.00196039
6.34	-0.00199992
6.32	-0.00204025
6.3	-0.00208139
6.28	-0.00212336
6.26	-0.00216617
6.24	-0.00220984
6.22	-0.0022544
6.2	-0.00229985
6.18	-0.00234621
6.16	-0.0023935
6.14	-0.00244175
6.12	-0.00249097
6.1	-0.00254118
6.08	-0.0025924
6.06	-0.00264464
6.04	-0.00269794
6.02	-0.00275231
6	-0.00280777
5.98	-0.00286435
5.96	-0.00292206
5.94	-0.00298094
5.92	-0.003041
5.9	-0.00310226
5.88	-0.00316475
5.86	-0.0032285
5.84	-0.00329353
5.82	-0.00335987
5.8	-0.00342754
5.78	-0.00349657
5.76	-0.00356698
5.74	-0.0036388
5.72	-0.00371207
5.7	-0.00378681
5.68	-0.00386305
5.66	-0.00394081
5.64	-0.00402014
5.62	-0.00410106
5.6	-0.0041836
5.58	-0.00426779
5.56	-0.00435368
5.54	-0.00444128
5.52	-0.00453064
5.5	-0.00462179
5.48	-0.00471477
5.46	-0.00480961
5.44	-0.00490635
5.42	-0.00500503
5.4	-0.00510568
5.38	-0.00520834
5.36	-0.00531307
5.34	-0.00541988
5.32	-0.00552884
5.3	-0.00563997
5.28	-0.00575332
5.26	-0.00586895
5.24	-0.00598688
5.22	-0.00610717
5.2	-0.00622986
5.18	-0.00635501
5.16	-0.00648265
5.14	-0.00661284
5.12	-0.00674564
5.1	-0.00688108
5.08	-0.00701922
5.06	-0.00716012
5.04	-0.00730383
5.02	-0.00745041
5	-0.00759991
4.98	-0.00775238
4.96	-0.0079079
4.94	-0.00806651
4.92	-0.00822827
4.9	-0.00839326
4.88	-0.00856154
4.86	-0.00873315
4.84	-0.00890819
4.82	-0.0090867
4.8	-0.00926876
4.78	-0.00945443
4.76	-0.0096438
4.74	-0.00983692
4.72	-0.0100339
4.7	-0.0102347
4.68	-0.0104396
4.66	-0.0106485
4.64	-0.0108615
4.62	-0.0110788
4.6	-0.0113004
4.58	-0.0115263
4.56	-0.0117568
4.54	-0.0119918
4.52	-0.0122314
4.5	-0.0124757
4.48	-0.0127249
4.46	-0.0129791
4.44	-0.0132382
4.42	-0.0135024
4.4	-0.0137719
4.38	-0.0140466
4.36	-0.0143268
4.34	-0.0146125
4.32	-0.0149038
4.3	-0.0152008
4.28	-0.0155037
4.26	-0.0158125
4.24	-0.0161274
4.22	-0.0164484
4.2	-0.0167758
4.18	-0.0171095
4.16	-0.0174498
4.14	-0.0177968
4.12	-0.0181506
4.1	-0.0185112
4.08	-0.0188789
4.06	-0.0192538
4.04	-0.019636
4.02	-0.0200257
4	-0.0204229
3.98	-0.0208279
3.96	-0.0212407
3.94	-0.0216616
3.92	-0.0220907
3.9	-0.022528
3.88	-0.0229739
3.86	-0.0234284
3.84	-0.0238917
3.82	-0.0243639
3.8	-0.0248453
3.78	-0.0253359
3.76	-0.0258361
3.74	-0.0263458
3.72	-0.0268654
3.7	-0.027395
3.68	-0.0279347
3.66	-0.0284848
3.64	-0.0290455
3.62	-0.0296169
3.6	-0.0301992
3.58	-0.0307927
3.56	-0.0313975
3.54	-0.0320138
3.52	-0.0326418
3.5	-0.0332818
3.48	-0.033934
3.46	-0.0345985
3.44	-0.0352757
3.42	-0.0359656
3.4	-0.0366686
3.38	-0.0373849
3.36	-0.0381147
3.34	-0.0388582
3.32	-0.0396157
3.3	-0.0403874
3.28	-0.0411736
3.26	-0.0419745
3.24	-0.0427903
3.22	-0.0436214
3.2	-0.044468
3.18	-0.0453303
3.16	-0.0462086
3.14	-0.0471032
3.12	-0.0480144
3.1	-0.0489423
3.08	-0.0498874
3.06	-0.0508499
3.04	-0.0518301
3.02	-0.0528282
3	-0.0538446
2.98	-0.0548795
2.96	-0.0559333
2.94	-0.0570063
2.92	-0.0580988
2.9	-0.059211
2.88	-0.0603433
2.86	-0.061496
2.84	-0.0626695
2.82	-0.063864
2.8	-0.0650799
2.78	-0.0663175
2.76	-0.0675771
2.74	-0.0688592
2.72	-0.0701639
2.7	-0.0714917
2.68	-0.0728429
2.66	-0.0742178
2.64	-0.0756169
2.62	-0.0770404
2.6	-0.0784887
2.58	-0.0799621
2.56	-0.0814611
2.54	-0.082986
2.52	-0.084537
2.5	-0.0861148
2.48	-0.0877194
2.46	-0.0893515
2.44	-0.0910112
2.42	-0.092699
2.4	-0.0944153
2.38	-0.0961604
2.36	-0.0979347
2.34	-0.0997386
2.32	-0.101572
2.3	-0.103437
2.28	-0.105332
2.26	-0.107258
2.24	-0.109215
2.22	-0.111204
2.2	-0.113226
2.18	-0.11528
2.16	-0.117367
2.14	-0.119487
2.12	-0.121641
2.1	-0.12383
2.08	-0.126052
2.06	-0.12831
2.04	-0.130602
2.02	-0.13293
2	-0.135294
1.98	-0.137694
1.96	-0.140131
1.94	-0.142605
1.92	-0.145116
1.9	-0.147665
1.88	-0.150251
1.86	-0.152876
1.84	-0.155539
1.82	-0.158241
1.8	-0.160983
1.78	-0.163764
1.76	-0.166584
1.74	-0.169445
1.72	-0.172346
1.7	-0.175288
1.68	-0.17827
1.66	-0.181294
1.64	-0.184359
1.62	-0.187466
1.6	-0.190614
1.58	-0.193804
1.56	-0.197037
1.54	-0.200312
1.52	-0.203629
1.5	-0.206989
1.48	-0.210392
1.46	-0.213838
1.44	-0.217327
1.42	-0.220859
1.4	-0.224434
1.38	-0.228053
1.36	-0.231715
1.34	-0.235421
1.32	-0.23917
1.3	-0.242963
1.28	-0.246799
1.26	-0.250678
1.24	-0.254601
1.22	-0.258567
1.2	-0.262576
1.18	-0.266629
1.16	-0.270724
1.14	-0.274862
1.12	-0.279043
1.1	-0.283266
1.08	-0.287532
1.06	-0.29184
1.04	-0.296189
1.02	-0.30058
1	-0.305012
0.98	-0.309485
0.96	-0.313999
0.94	-0.318553
0.92	-0.323146
0.9	-0.32778
0.88	-0.332452
0.86	-0.337162
0.84	-0.341911
0.82	-0.346697
0.8	-0.35152
0.78	-0.356379
0.76	-0.361275
0.74	-0.366206
0.72	-0.371171
0.7	-0.37617
0.68	-0.381203
0.66	-0.386269
0.64	-0.391366
0.62	-0.396495
0.6	-0.401654
0.58	-0.406843
0.56	-0.41206
0.54	-0.417306
0.52	-0.422579
0.5	-0.427879
0.48	-0.433204
0.46	-0.438554
0.44	-0.443927
0.42	-0.449323
0.4	-0.454741
0.38	-0.46018
0.36	-0.465639
0.34	-0.471116
0.32	-0.476612
0.3	-0.482124
0.28	-0.487653
0.26	-0.493196
0.24	-0.498752
0.22	-0.504321
0.2	-0.509902
0.18	-0.515493
0.16	-0.521094
0.14	-0.526703
0.12	-0.532319
0.1	-0.53794
0.08	-0.543567
0.06	-0.549197
0.04	-0.55483
0.02	-0.560465
3.37778e-13	-0.566099
-0.02	-0.571733
-0.04	-0.577365
-0.06	-0.582994
-0.08	-0.588618
-0.1	-0.594237
-0.12	-0.599849
-0.14	-0.605454
-0.16	-0.611049
-0.18	-0.616635
-0.2	-0.62221
-0.22	-0.627773
-0.24	-0.633322
-0.26	-0.638857
-0.28	-0.644377
-0.3	-0.64988
-0.32	-0.655366
-0.34	-0.660833
-0.36	-0.666281
-0.38	-0.671708
-0.4	-0.677114
-0.42	-0.682497
-0.44	-0.687856
-0.46	-0.693192
-0.48	-0.698501
-0.5	-0.703785
-0.52	-0.709041
-0.54	-0.71427
-0.56	-0.719469
-0.58	-0.724639
-0.6	-0.729778
-0.62	-0.734886
-0.64	-0.739962
-0.66	-0.745005
-0.68	-0.750015
-0.7	-0.75499
-0.72	-0.759931
-0.74	-0.764836
-0.76	-0.769704
-0.78	-0.774536
-0.8	-0.779331
-0.82	-0.784088
-0.84	-0.788806
-0.86	-0.793485
-0.88	-0.798125
-0.9	-0.802725
-0.92	-0.807284
-0.94	-0.811803
-0.96	-0.81628
-0.98	-0.820716
-1	-0.82511
-1.02	-0.829462
-1.04	-0.833771
-1.06	-0.838038
-1.08	-0.842261
-1.1	-0.846441
-1.12	-0.850577
-1.14	-0.85467
-1.16	-0.858718
-1.18	-0.862723
-1.2	-0.866683
-1.22	-0.870599
-1.24	-0.874471
-1.26	-0.878298
-1.28	-0.88208
-1.3	-0.885818
-1.32	-0.889512
-1.34	-0.893161
-1.36	-0.896765
-1.38	-0.900325
-1.4	-0.90384
-1.42	-0.90731
-1.44	-0.910737
-1.46	-0.914119
-1.48	-0.917457
-1.5	-0.920751
-1.52	-0.924001
-1.54	-0.927208
-1.56	-0.930371
-1.58	-0.93349
-1.6	-0.936567
-1.62	-0.939601
-1.64	-0.942591
-1.66	-0.94554
-1.68	-0.948446
-1.7	-0.95131
-1.72	-0.954132
-1.74	-0.956913
-1.76	-0.959653
-1.78	-0.962352
-1.8	-0.96501
-1.82	-0.967628
-1.84	-0.970206
-1.86	-0.972744
-1.88	-0.975243
-1.9	-0.977702
-1.92	-0.980124
-1.94	-0.982506
-1.96	-0.984851
-1.98	-0.987158
-2	-0.989428
-2.02	-0.991661
-2.04	-0.993857
-2.06	-0.996018
-2.08	-0.998142
-2.1	-1.00023
-2.12	-1.00228
-2.14	-1.0043
-2.16	-1.00629
-2.18	-1.00824
-2.2	-1.01016
-2.22	-1.01204
-2.24	-1.01389
-2.26	-1.01571
-2.28	-1.0175
-2.3	-1.01925
-2.32	-1.02098
-2.34	-1.02267
-2.36	-1.02433
-2.38	-1.02596
-2.4	-1.02757
-2.42	-1.02914
-2.44	-1.03068
-2.46	-1.0322
-2.48	-1.03369
-2.5	-1.03515
-2.52	-1.03658
-2.54	-1.03799
-2.56	-1.03937
-2.58	-1.04072
-2.6	-1.04204
-2.62	-1.04334
-2.64	-1.04462
-2.66	-1.04587
-2.68	-1.0471
-2.7	-1.0483
-2.72	-1.04948
-2.74	-1.05063
-2.76	-1.05177
-2.78	-1.05287
-2.8	-1.05396
-2.82	-1.05503
-2.84	-1.05607
-2.86	-1.05709
-2.88	-1.05809
-2.9	-1.05907
-2.92	-1.06003
-2.94	-1.06097
-2.96	-1.06189
-2.98	-1.06279
-3	-1.06367
-3.02	-1.06453
-3.04	-1.06538
-3.06	-1.0662
-3.08	-1.06701
-3.1	-1.0678
-3.12	-1.06857
-3.14	-1.06933
-3.16	-1.07007
-3.18	-1.07079
-3.2	-1.0715
-3.22	-1.07219
-3.24	-1.07286
-3.26	-1.07352
-3.28	-1.07416
-3.3	-1.07479
-3.32	-1.07541
-3.34	-1.07601
-3.36	-1.07659
-3.38	-1.07716
-3.4	-1.07772
-3.42	-1.07826
-3.44	-1.0788
-3.46	-1.07931
-3.48	-1.07982
-3.5	-1.08031
-3.52	-1.08079
-3.54	-1.08126
-3.56	-1.08172
-3.58	-1.08216
-3.6	-1.0826
-3.62	-1.08302
-3.64	-1.08343
-3.66	-1.08383
-3.68	-1.08422
-3.7	-1.0846
-3.72	-1.08497
-3.74	-1.08533
-3.76	-1.08568
-3.78	-1.08601
-3.8	-1.08634
-3.82	-1.08666
-3.84	-1.08697
-3.86	-1.08728
-3.88	-1.08757
-3.9	-1.08785
-3.92	-1.08813
-3.94	-1.0884
-3.96	-1.08865
-3.98	-1.08891
-4	-1.08915
-4.02	-1.08938
-4.04	-1.08961
-4.06	-1.08983
-4.08	-1.09004
-4.1	-1.09025
-4.12	-1.09045
-4.14	-1.09064
-4.16	-1.09082
-4.18	-1.091
-4.2	-1.09117
-4.22	-1.09133
-4.24	-1.09149
-4.26	-1.09164
-4.28	-1.09179
-4.3	-1.09193
-4.32	-1.09206
-4.34	-1.09219
-4.36	-1.09231
-4.38	-1.09243
-4.4	-1.09254
-4.42	-1.09265
-4.44	-1.09275
-4.46	-1.09284
-4.48	-1.09293
-4.5	-1.09302
-4.52	-1.0931
-4.54	-1.09318
-4.56	-1.09325
-4.58	-1.09331
-4.6	-1.09338
-4.62	-1.09343
-4.64	-1.09349
-4.66	-1.09354
-4.68	-1.09358
-4.7	-1.09362
-4.72	-1.09366
-4.74	-1.09369
-4.76	-1.09372
-4.78	-1.09375
-4.8	-1.09377
-4.82	-1.09379
-4.84	-1.0938
-4.86	-1.09381
-4.88	-1.09382
-4.9	-1.09382
-4.92	-1.09383
-4.94	-1.09382
-4.96	-1.09382
-4.98	-1.09381
-5	-1.0938
-5.02	-1.09378
-5.04	-1.09377
-5.06	-1.09375
-5.08	-1.09372
-5.1	-1.0937
-5.12	-1.09367
-5.14	-1.09364
-5.16	-1.0936
-5.18	-1.09357
-5.2	-1.09353
-5.22	-1.09349
-5.24	-1.09344
-5.26	-1.0934
-5.28	-1.09335
-5.3	-1.0933
-5.32	-1.09324
-5.34	-1.09319
-5.36	-1.09313
-5.38	-1.09307
-5.4	-1.09301
-5.42	-1.09295
-5.44	-1.09288
-5.46	-1.09281
-5.48	-1.09275
-5.5	-1.09267
-5.52	-1.0926
-5.54	-1.09253
-5.56	-1.09245
-5.58	-1.09237
-5.6	-1.09229
-5.62	-1.09221
-5.64	-1.09213
-5.66	-1.09204
-5.68	-1.09196
-5.7	-1.09187
-5.72	-1.09178
-5.74	-1.09169
-5.76	-1.0916
-5.78	-1.09151
-5.8	-1.09141
-5.82	-1.09132
-5.84	-1.09122
-5.86	-1.09112
-5.88	-1.09102
-5.9	-1.09092
-5.92	-1.09082
-5.94	-1.09071
-5.96	-1.09061
-5.98	-1.0905
-6	-1.0904
-6.02	-1.09029
-6.04	-1.09018
-6.06	-1.09007
-6.08	-1.08996
-6.1	-1.08985
-6.12	-1.08973
-6.14	-1.08962
-6.16	-1.0895
-6.18	-1.08939
-6.2	-1.08927
-6.22	-1.08915
-6.24	-1.08903
-6.26	-1.08891
-6.28	-1.08879
-6.3	-1.08867
-6.32	-1.08855
-6.34	-1.08843
-6.36	-1.08831
-6.38	-1.08818
-6.4	-1.08806
-6.42	-1.08793
-6.44	-1.0878
-6.46	-1.08768
-6.48	-1.08755
-6.5	-1.08742
-6.52	-1.08729
-6.54	-1.08716
-6.56	-1.08703
-6.58	-1.0869
-6.6	-1.08677
-6.62	-1.08664
-6.64	-1.08651
-6.66	-1.08637
-6.68	-1.08624
-6.7	-1.0861
-6.72	-1.08597
-6.74	-1.08583
-6.76	-1.0857
-6.78	-1.08556
-6.8	-1.08543
-6.82	-1.08529
-6.84	-1.08515
-6.86	-1.08501
-6.88	-1.08487
-6.9	-1.08473
-6.92	-1.0846
-6.94	-1.08446
-6.96	-1.08432
-6.98	-1.08417
-7	-1.08403
-7.02	-1.08389
-7.04	-1.08375
-7.06	-1.08361
-7.08	-1.08347
-7.1	-1.08332
-7.12	-1.08318
-7.14	-1.08304
-7.16	-1.08289
-7.18	-1.08275
-7.2	-1.0826
-7.22	-1.08246
-7.24	-1.08231
-7.26	-1.08217
-7.28	-1.08202
-7.3	-1.08188
-7.32	-1.08173
-7.34	-1.08158
-7.36	-1.08144
-7.38	-1.08129
-7.4	-1.08114
-7.42	-1.081
-7.44	-1.08085
-7.46	-1.0807
-7.48	-1.08055
-7.5	-1.0804
-7.52	-1.08026
-7.54	-1.08011
-7.56	-1.07996
-7.58	-1.07981
-7.6	-1.07966
-7.62	-1.07951
-7.64	-1.07936
-7.66	-1.07921
-7.68	-1.07906
-7.7	-1.07891
-7.72	-1.07876
-7.74	-1.07861
-7.76	-1.07846
-7.78	-1.07831
-7.8	-1.07816
-7.82	-1.07801
-7.84	-1.07785
-7.86	-1.0777
-7.88	-1.07755
-7.9	-1.0774
-7.92	-1.07725
-7.94	-1.0771
-7.96	-1.07694
-7.98	-1.07679
-8	-1.07664
-8.02	-1.07649
-8.04	-1.07633
-8.06	-1.07618
-8.08	-1.07603
-8.1	-1.07588
-8.12	-1.07572
-8.14	-1.07557
-8.16	-1.07542
-8.18	-1.07526
-8.2	-1.07511
-8.22	-1.07496
-8.24	-1.0748
-8.26	-1.07465
-8.28	-1.0745
-8.3	-1.07434
-8.32	-1.07419
-8.34	-1.07403
-8.36	-1.07388
-8.38	-1.07373
-8.4	-1.07357
-8.42	-1.07342
-8.44	-1.07326
-8.46	-1.07311
-8.48	-1.07295
-8.5	-1.0728
-8.52	-1.07265
-8.54	-1.07249
-8.56	-1.07234
-8.58	-1.07218
-8.6	-1.07203
-8.62	-1.07187
-8.64	-1.07172
-8.66	-1.07156
-8.68	-1.07141
-8.7	-1.07125
-8.72	-1.0711
-8.74	-1.07094
-8.76	-1.07079
-8.78	-1.07063
-8.8	-1.07048
-8.82	-1.07032
-8.84	-1.07017
-8.86	-1.07001
-8.88	-1.06986
-8.9	-1.0697
-8.92	-1.06955
-8.94	-1.06939
-8.96	-1.06924
-8.98	-1.06908
-9	-1.06893
-9.02	-1.06877
-9.04	-1.06862
-9.06	-1.06846
-9.08	-1.06831
-9.1	-1.06815
-9.12	-1.068
-9.14	-1.06784
-9.16	-1.06768
-9.18	-1.06753
-9.2	-1.06737
-9.22	-1.06722
-9.24	-1.06706
-9.26	-1.06691
-9.28	-1.06675
-9.3	-1.0666
-9.32	-1.06644
-9.34	-1.06629
-9.36	-1.06613
-9.38	-1.06598
-9.4	-1.06582
-9.42	-1.06566
-9.44	-1.06551
-9.46	-1.06535
-9.48	-1.0652
-9.5	-1.06504
-9.52	-1.06489
-9.54	-1.06473
-9.56	-1.06458
-9.58	-1.06442
-9.6	-1.06427
-9.62	-1.06411
-9.64	-1.06396
-9.66	-1.0638
-9.68	-1.06365
-9.7	-1.06349
-9.72	-1.06333
-9.74	-1.06318
-9.76	-1.06302
-9.78	-1.06287
-9.8	-1.06271
-9.82	-1.06256
-9.84	-1.0624
-9.86	-1.06225
-9.88	-1.06209
-9.9	-1.06194
-9.92	-1.06178
-9.94	-1.06163
-9.96	-1.06147
-9.98	-1.06132
-10	-1.06116
-10.02	-1.06101
-10.04	-1.06085
-10.06	-1.0607
-10.08	-1.06054
-10.1	-1.06039
-10.12	-1.06023
-10.14	-1.06008
-10.16	-1.05992
-10.18	-1.05977
-10.2	-1.05961
-10.22	-1.05946
-10.24	-1.0593
-10.26	-1.05915
-10.28	-1.05899
-10.3	-1.05884
-10.32	-1.05868
-10.34	-1.05853
-10.36	-1.05837
-10.38	-1.05822
-10.4	-1.05807
-10.42	-1.05791
-10.44	-1.05776
-10.46	-1.0576
-10.48	-1.05745
-10.5	-1.05729
-10.52	-1.05714
-10.54	-1.05698
-10.56	-1.05683
-10.58	-1.05668
-10.6	-1.05652
-10.62	-1.05637
-10.64	-1.05621
-10.66	-1.05606
-10.68	-1.0559
-10.7	-1.05575
-10.72	-1.0556
-10.74	-1.05544
-10.76	-1.05529
-10.78	-1.05513
-10.8	-1.05498
-10.82	-1.05483
-10.84	-1.05467
-10.86	-1.05452
-10.88	-1.05436
-10.9	-1.05421
-10.92	-1.05406
-10.94	-1.0539
-10.96	-1.05375
-10.98	-1.05359
-11	-1.05344
-11.02	-1.05329
-11.04	-1.05313
-11.06	-1.05298
-11.08	-1.05283
-11.1	-1.05267
-11.12	-1.05252
-11.14	-1.05236
-11.16	-1.05221
-11.18	-1.05206
-11.2	-1.0519
-11.22	-1.05175
-11.24	-1.0516
-11.26	-1.05144
-11.28	-1.05129
-11.3	-1.05114
-11.32	-1.05098
-11.34	-1.05083
-11.36	-1.05068
-11.38	-1.05053
-11.4	-1.05037
-11.42	-1.05022
-11.44	-1.05007
-11.46	-1.04991
-11.48	-1.04976
-11.5	-1.04961
-11.52	-1.04945
-11.54	-1.0493
-11.56	-1.04915
-11.58	-1.049
-11.6	-1.04884
-11.62	-1.04869
-11.64	-1.04854
-11.66	-1.04839
-11.68	-1.04823
-11.7	-1.04808
-11.72	-1.04793
-11.74	-1.04777
-11.76	-1.04762
-11.78	-1.04747
-11.8	-1.04732
-11.82	-1.04717
-11.84	-1.04701
-11.86	-1.04686
-11.88	-1.04671
-11.9	-1.04656
-11.92	-1.0464
-11.94	-1.04625
-11.96	-1.0461
-11.98	-1.04595
-12	-1.0458
-12.02	-1.04564
-12.04	-1.04549
-12.06	-1.04534
-12.08	-1.04519
-12.1	-1.04504
-12.12	-1.04488
-12.14	-1.04473
-12.16	-1.04458
-12.18	-1.04443
-12.2	-1.04428
-12.22	-1.04413
-12.24	-1.04397
-12.26	-1.04382
-12.28	-1.04367
-12.3	-1.04352
-12.32	-1.04337
-12.34	-1.04322
-12.36	-1.04306
-12.38	-1.04291
-12.4	-1.04276
-12.42	-1.04261
-12.44	-1.04246
-12.46	-1.04231
-12.48	-1.04216
-12.5	-1.04201
-12.52	-1.04186
-12.54	-1.0417
-12.56	-1.04155
-12.58	-1.0414
-12.6	-1.04125
-12.62	-1.0411
-12.64	-1.04095
-12.66	-1.0408
-12.68	-1.04065
-12.7	-1.0405
-12.72	-1.04035
-12.74	-1.0402
-12.76	-1.04004
-12.78	-1.03989
-12.8	-1.03974
-12.82	-1.03959
-12.84	-1.03944
-12.86	-1.03929
-12.88	-1.03914
-12.9	-1.03899
-12.92	-1.03884
-12.94	-1.03869
-12.96	-1.03854
-12.98	-1.03839
-13	-1.03824
-13.02	-1.03809
-13.04	-1.03794
-13.06	-1.03779
-13.08	-1.03764
-13.1	-1.03749
-13.12	-1.03734
-13.14	-1.03719
-13.16	-1.03704
-13.18	-1.03689
-13.2	-1.03674
-13.22	-1.03659
-13.24	-1.03644
-13.26	-1.03629
-13.28	-1.03614
-13.3	-1.03599
-13.32	-1.03584
-13.34	-1.03569
-13.36	-1.03554
-13.38	-1.03539
-13.4	-1.03524
-13.42	-1.03509
-13.44	-1.03494
-13.46	-1.0348
-13.48	-1.03465
-13.5	-1.0345
-13.52	-1.03435
-13.54	-1.0342
-13.56	-1.03405
-13.58	-1.0339
-13.6	-1.03375
-13.62	-1.0336
-13.64	-1.03345
-13.66	-1.0333
-13.68	-1.03315
-13.7	-1.03301
-13.72	-1.03286
-13.74	-1.03271
-13.76	-1.03256
-13.78	-1.03241
-13.8	-1.03226
-13.82	-1.03211
-13.84	-1.03196
-13.86	-1.03182
-13.88	-1.03167
-13.9	-1.03152
-13.92	-1.03137
-13.94	-1.03122
-13.96	-1.03107
-13.98	-1.03092
-14	-1.03078
-14.02	-1.03063
-14.04	-1.03048
-14.06	-1.03033
-14.08	-1.03018
-14.1	-1.03004
-14.12	-1.02989
-14.14	-1.02974
-14.16	-1.02959
-14.18	-1.02944
-14.2	-1.02929
-14.22	-1.02915
-14.24	-1.029
-14.26	-1.02885
-14.28	-1.0287
-14.3	-1.02856
-14.32	-1.02841
-14.34	-1.02826
-14.36	-1.02811
-14.38	-1.02796
-14.4	-1.02782
-14.42	-1.02767
-14.44	-1.02752
-14.46	-1.02737
-14.48	-1.02723
-14.5	-1.02708
-14.52	-1.02693
-14.54	-1.02678
-14.56	-1.02664
-14.58	-1.02649
-14.6	-1.02634
-14.62	-1.0262
-14.64	-1.02605
-14.66	-1.0259
-14.68	-1.02575
-14.7	-1.02561
-14.72	-1.02546
-14.74	-1.02531
-14.76	-1.02517
-14.78	-1.02502
-14.8	-1.02487
-14.82	-1.02473
-14.84	-1.02458
-14.86	-1.02443
-14.88	-1.02429
-14.9	-1.02414
-14.92	-1.02399
-14.94	-1.02385
-14.96	-1.0237
-14.98	-1.02355
-15	-1.02341
-15.02	-1.02326
-15.04	-1.02311
-15.06	-1.02297
-15.08	-1.02282
-15.1	-1.02267
-15.12	-1.02253
-15.14	-1.02238
-15.16	-1.02224
-15.18	-1.02209
-15.2	-1.02194
-15.22	-1.0218
-15.24	-1.02165
-15.26	-1.0215
-15.28	-1.02136
-15.3	-1.02121
-15.32	-1.02107
-15.34	-1.02092
-15.36	-1.02077
-15.38	-1.02063
-15.4	-1.02048
-15.42	-1.02034
-15.44	-1.02019
-15.46	-1.02005
-15.48	-1.0199
-15.5	-1.01976
-15.52	-1.01961
-15.54	-1.01946
-15.56	-1.01932
-15.58	-1.01917
-15.6	-1.01903
-15.62	-1.01888
-15.64	-1.01874
-15.66	-1.01859
-15.68	-1.01845
-15.7	-1.0183
-15.72	-1.01816
-15.74	-1.01801
-15.76	-1.01787
-15.78	-1.01772
-15.8	-1.01758
-15.82	-1.01743
-15.84	-1.01729
-15.86	-1.01714
-15.88	-1.017
-15.9	-1.01685
-15.92	-1.01671
-15.94	-1.01656
-15.96	-1.01642
-15.98	-1.01627
-16	-1.01613
-16.02	-1.01598
-16.04	-1.01584
-16.06	-1.01569
-16.08	-1.01555
-16.1	-1.0154
-16.12	-1.01526
-16.14	-1.01512
-16.16	-1.01497
-16.18	-1.01483
-16.2	-1.01468
-16.22	-1.01454
-16.24	-1.01439
-16.26	-1.01425
-16.28	-1.01411
-16.3	-1.01396
-16.32	-1.01382
-16.34	-1.01367
-16.36	-1.01353
-16.38	-1.01339
-16.4	-1.01324
-16.42	-1.0131
-16.44	-1.01295
-16.46	-1.01281
-16.48	-1.01267
-16.5	-1.01252
-16.52	-1.01238
-16.54	-1.01223
-16.56	-1.01209
-16.58	-1.01195
-16.6	-1.0118
-16.62	-1.01166
-16.64	-1.01152
-16.66	-1.01137
-16.68	-1.01123
-16.7	-1.01109
-16.72	-1.01094
-16.74	-1.0108
-16.76	-1.01066
-16.78	-1.01051
-16.8	-1.01037
-16.82	-1.01023
-16.84	-1.01008
-16.86	-1.00994
-16.88	-1.0098
-16.9	-1.00965
-16.92	-1.00951
-16.94	-1.00937
-16.96	-1.00923
-16.98	-1.00908
-17	-1.00894
-17.02	-1.0088
-17.04	-1.00865
-17.06	-1.00851
-17.08	-1.00837
-17.1	-1.00823
-17.12	-1.00808
-17.14	-1.00794
-17.16	-1.0078
-17.18	-1.00766
-17.2	-1.00751
-17.22	-1.00737
-17.24	-1.00723
-17.26	-1.00709
-17.28	-1.00694
-17.3	-1.0068
-17.32	-1.00666
-17.34	-1.00652
-17.36	-1.00637
-17.38	-1.00623
-17.4	-1.00609
-17.42	-1.00595
-17.44	-1.00581
-17.46	-1.00566
-17.48	-1.00552
-17.5	-1.00538
-17.52	-1.00524
-17.54	-1.0051
-17.56	-1.00495
-17.58	-1.00481
-17.6	-1.00467
-17.62	-1.00453
-17.64	-1.00439
-17.66	-1.00424
-17.68	-1.0041
-17.7	-1.00396
-17.72	-1.00382
-17.74	-1.00368
-17.76	-1.00354
-17.78	-1.0034
-17.8	-1.00325
-17.82	-1.00311
-17.84	-1.00297
-17.86	-1.00283
-17.88	-1.00269
-17.9	-1.00255
-17.92	-1.00241
-17.94	-1.00226
-17.96	-1.00212
-17.98	-1.00198
-18	-1.00184
-18.02	-1.0017
-18.04	-1.00156
-18.06	-1.00142
-18.08	-1.00128
-18.1	-1.00114
-18.12	-1.001
-18.14	-1.00085
-18.16	-1.00071
-18.18	-1.00057
-18.2	-1.00043
-18.22	-1.00029
-18.24	-1.00015
-18.26	-1.00001
-18.28	-0.99987
-18.3	-0.999729
-18.32	-0.999588
-18.34	-0.999448
-18.36	-0.999307
-18.38	-0.999167
-18.4	-0.999027
-18.42	-0.998886
-18.44	-0.998746
-18.46	-0.998606
-18.48	-0.998465
-18.5	-0.998325
-18.52	-0.998185
-18.54	-0.998045
-18.56	-0.997905
-18.58	-0.997765
-18.6	-0.997625
-18.62	-0.997485
-18.64	-0.997345
-18.66	-0.997205
-18.68	-0.997065
-18.7	-0.996925
-18.72	-0.996785
-18.74	-0.996645
-18.76	-0.996506
-18.78	-0.996366
-18.8	-0.996226
-18.82	-0.996086
-18.84	-0.995947
-18.86	-0.995807
-18.88	-0.995668
-18.9	-0.995528
-18.92	-0.995389
-18.94	-0.995249
-18.96	-0.99511
-18.98	-0.99497
-19	-0.994831
-19.02	-0.994692
-19.04	-0.994553
-19.06	-0.994413
-19.08	-0.994274
-19.1	-0.994135
-19.12	-0.993996
-19.14	-0.993857
-19.16	-0.993718
-19.18	-0.993579
-19.2	-0.99344
-19.22	-0.993301
-19.24	-0.993162
-19.26	-0.993023
-19.28	-0.992884
-19.3	-0.992745
-19.32	-0.992606
-19.34	-0.992468
-19.36	-0.992329
-19.38	-0.99219
-19.4	-0.992052
-19.42	-0.991913
-19.44	-0.991774
-19.46	-0.991636
-19.48	-0.991497
-19.5	-0.991359
-19.52	-0.99122
-19.54	-0.991082
-19.56	-0.990944
-19.58	-0.990805
-19.6	-0.990667
-19.62	-0.990529
-19.64	-0.99039
-19.66	-0.990252
-19.68	-0.990114
-19.7	-0.989976
-19.72	-0.989838
-19.74	-0.9897
-19.76	-0.989562
-19.78	-0.989424
-19.8	-0.989286
-19.82	-0.989148
-19.84	-0.98901
-19.86	-0.988872
-19.88	-0.988734
-19.9	-0.988596
-19.92	-0.988459
-19.94	-0.988321
-19.96	-0.988183
-19.98	-0.988046
-20	-0.987908
-19.98	-0.98777
-19.96	-0.987633
-19.94	-0.987495
-19.92	-0.987358
-19.9	-0.98722
-19.88	-0.987083
-19.86	-0.986946
-19.84	-0.986808
-19.82	-0.986671
-19.8	-0.986534
-19.78	-0.986396
-19.76	-0.986259
-19.74	-0.986122
-19.72	-0.985985
-19.7	-0.985848
-19.68	-0.985711
-19.66	-0.985574
-19.64	-0.985437
-19.62	-0.9853
-19.6	-0.985163
-19.58	-0.985026
-19.56	-0.984889
-19.54	-0.984752
-19.52	-0.984615
-19.5	-0.984479
-19.48	-0.984342
-19.46	-0.984205
-19.44	-0.984069
-19.42	-0.983932
-19.4	-0.983795
-19.38	-0.983659
-19.36	-0.983522
-19.34	-0.983386
-19.32	-0.983249
-19.3	-0.983113
-19.28	-0.982976
-19.26	-0.98284
-19.24	-0.982704
-19.22	-0.982568
-19.2	-0.982431
-19.18	-0.982295
-19.16	-0.982159
-19.14	-0.982023
-19.12	-0.981887
-19.1	-0.98175
-19.08	-0.981614
-19.06	-0.981478
-19.04	-0.981342
-19.02	-0.981206
-19	-0.981071
-18.98	-0.980935
-18.96	-0.980799
-18.94	-0.980663
-18.92	-0.980527
-18.9	-0.980391
-18.88	-0.980256
-18.86	-0.98012
-18.84	-0.979984
-18.82	-0.979849
-18.8	-0.979713
-18.78	-0.979578
-18.76	-0.979442
-18.74	-0.979307
-18.72	-0.979171
-18.7	-0.979036
-18.68	-0.9789
-18.66	-0.978765
-18.64	-0.97863
-18.62	-0.978494
-18.6	-0.978359
-18.58	-0.978224
-18.56	-0.978089
-18.54	-0.977954
-18.52	-0.977819
-18.5	-0.977683
-18.48	-0.977548
-18.46	-0.977413
-18.44	-0.977278
-18.42	-0.977144
-18.4	-0.977009
-18.38	-0.976874
-18.36	-0.976739
-18.34	-0.976604
-18.32	-0.976469
-18.3	-0.976335
-18.28	-0.9762
-18.26	-0.976065
-18.24	-0.975931
-18.22	-0.975796
-18.2	-0.975661
-18.18	-0.975527
-18.16	-0.975392
-18.14	-0.975258
-18.12	-0.975123
-18.1	-0.974989
-18.08	-0.974855
-18.06	-0.97472
-18.04	-0.974586
-18.02	-0.974452
-18	-0.974317
-17.98	-0.974183
-17.96	-0.974049
-17.94	-0.973915
-17.92	-0.973781
-17.9	-0.973647
-17.88	-0.973513
-17.86	-0.973379
-17.84	-0.973245
-17.82	-0.973111
-17.8	-0.972977
-17.78	-0.972843
-17.76	-0.972709
-17.74	-0.972575
-17.72	-0.972441
-17.7	-0.972308
-17.68	-0.972174
-17.66	-0.97204
-17.64	-0.971907
-17.62	-0.971773
-17.6	-0.971639
-17.58	-0.971506
-17.56	-0.971372
-17.54	-0.971239
-17.52	-0.971105
-17.5	-0.970972
-17.48	-0.970839
-17.46	-0.970705
-17.44	-0.970572
-17.42	-0.970439
-17.4	-0.970305
-17.38	-0.970172
-17.36	-0.970039
-17.34	-0.969906
-17.32	-0.969773
-17.3	-0.96964
-17.28	-0.969507
-17.26	-0.969374
-17.24	-0.969241
-17.22	-0.969108
-17.2	-0.968975
-17.18	-0.968842
-17.16	-0.968709
-17.14	-0.968576
-17.12	-0.968443
-17.1	-0.968311
-17.08	-0.968178
-17.06	-0.968045
-17.04	-0.967913
-17.02	-0.96778
-17	-0.967647
-16.98	-0.967515
-16.96	-0.967382
-16.94	-0.96725
-16.92	-0.967117
-16.9	-0.966985
-16.88	-0.966852
-16.86	-0.96672
-16.84	-0.966588
-16.82	-0.966455
-16.8	-0.966323
-16.78	-0.966191
-16.76	-0.966059
-16.74	-0.965927
-16.72	-0.965794
-16.7	-0.965662
-16.68	-0.96553
-16.66	-0.965398
-16.64	-0.965266
-16.62	-0.965134
-16.6	-0.965002
-16.58	-0.96487
-16.56	-0.964738
-16.54	-0.964607
-16.52	-0.964475
-16.5	-0.964343
-16.48	-0.964211
-16.46	-0.96408
-16.44	-0.963948
-16.42	-0.963816
-16.4	-0.963685
-16.38	-0.963553
-16.36	-0.963421
-16.34	-0.96329
-16.32	-0.963158
-16.3	-0.963027
-16.28	-0.962896
-16.26	-0.962764
-16.24	-0.962633
-16.22	-0.962501
-16.2	-0.96237
-16.18	-0.962239
-16.16	-0.962108
-16.14	-0.961976
-16.12	-0.961845
-16.1	-0.961714
-16.08	-0.961583
-16.06	-0.961452
-16.04	-0.961321
-16.02	-0.96119
-16	-0.961059
-15.98	-0.960928
-15.96	-0.960797
-15.94	-0.960666
-15.92	-0.960535
-15.9	-0.960405
-15.88	-0.960274
-15.86	-0.960143
-15.84	-0.960012
-15.82	-0.959882
-15.8	-0.959751
-15.78	-0.95962
-15.76	-0.95949
-15.74	-0.959359
-15.72	-0.959229
-15.7	-0.959098
-15.68	-0.958968
-15.66	-0.958837
-15.64	-0.958707
-15.62	-0.958577
-15.6	-0.958446
-15.58	-0.958316
-15.56	-0.958186
-15.54	-0.958055
-15.52	-0.957925
-15.5	-0.957795
-15.48	-0.957665
-15.46	-0.957535
-15.44	-0.957405
-15.42	-0.957275
-15.4	-0.957145
-15.38	-0.957015
-15.36	-0.956885
-15.34	-0.956755
-15.32	-0.956625
-15.3	-0.956495
-15.28	-0.956365
-15.26	-0.956235
-15.24	-0.956106
-15.22	-0.955976
-15.2	-0.955846
-15.18	-0.955717
-15.16	-0.955587
-15.14	-0.955457
-15.12	-0.955328
-15.1	-0.955198
-15.08	-0.955069
-15.06	-0.954939
-15.04	-0.95481
-15.02	-0.95468
-15	-0.954551
-14.98	-0.954422
-14.96	-0.954292
-14.94	-0.954163
-14.92	-0.954034
-14.9	-0.953905
-14.88	-0.953776
-14.86	-0.953646
-14.84	-0.953517
-14.82	-0.953388
-14.8	-0.953259
-14.78	-0.95313
-14.76	-0.953001
-14.74	-0.952872
-14.72	-0.952743
-14.7	-0.952614
-14.68	-0.952485
-14.66	-0.952357
-14.64	-0.952228
-14.62	-0.952099
-14.6	-0.95197
-14.58	-0.951841
-14.56	-0.951713
-14.54	-0.951584
-14.52	-0.951456
-14.5	-0.951327
-14.48	-0.951198
-14.46	-0.95107
-14.44	-0.950941
-14.42	-0.950813
-14.4	-0.950684
-14.38	-0.950556
-14.36	-0.950428
-14.34	-0.950299
-14.32	-0.950171
-14.3	-0.950043
-14.28	-0.949914
-14.26	-0.949786
-14.24	-0.949658
-14.22	-0.94953
-14.2	-0.949402
-14.18	-0.949274
-14.16	-0.949146
-14.14	-0.949018
-14.12	-0.94889
-14.1	-0.948762
-14.08	-0.948634
-14.06	-0.948506
-14.04	-0.948378
-14.02	-0.94825
-14	-0.948122
-13.98	-0.947995
-13.96	-0.947867
-13.94	-0.947739
-13.92	-0.947611
-13.9	-0.947484
-13.88	-0.947356
-13.86	-0.947228
-13.84	-0.947101
-13.82	-0.946973
-13.8	-0.946846
-13.78	-0.946718
-13.76	-0.946591
-13.74	-0.946464
-13.72	-0.946336
-13.7	-0.946209
-13.68	-0.946081
-13.66	-0.945954
-13.64	-0.945827
-13.62	-0.9457
-13.6	-0.945573
-13.58	-0.945445
-13.56	-0.945318
-13.54	-0.945191
-13.52	-0.945064
-13.5	-0.944937
-13.48	-0.94481
-13.46	-0.944683
-13.44	-0.944556
-13.42	-0.944429
-13.4	-0.944302
-13.38	-0.944175
-13.36	-0.944049
-13.34	-0.943922
-13.32	-0.943795
-13.3	-0.943668
-13.28	-0.943541
-13.26	-0.943415
-13.24	-0.943288
-13.22	-0.943162
-13.2	-0.943035
-13.18	-0.942908
-13.16	-0.942782
-13.14	-0.942655
-13.12	-0.942529
-13.1	-0.942402
-13.08	-0.942276
-13.06	-0.94215
-13.04	-0.942023
-13.02	-0.941897
-13	-0.941771
-12.98	-0.941644
-12.96	-0.941518
-12.94	-0.941392
-12.92	-0.941266
-12.9	-0.94114
-12.88	-0.941014
-12.86	-0.940887
-12.84	-0.940761
-12.82	-0.940635
-12.8	-0.940509
-12.78	-0.940383
-12.76	-0.940257
-12.74	-0.940132
-12.72	-0.940006
-12.7	-0.93988
-12.68	-0.939754
-12.66	-0.939628
-12.64	-0.939502
-12.62	-0.939377
-12.6	-0.939251
-12.58	-0.939125
-12.56	-0.939
-12.54	-0.938874
-12.52	-0.938749
-12.5	-0.938623
-12.48	-0.938497
-12.46	-0.938372
-12.44	-0.938246
-12.42	-0.938121
-12.4	-0.937996
-12.38	-0.93787
-12.36	-0.937745
-12.34	-0.93762
-12.32	-0.937494
-12.3	-0.937369
-12.28	-0.937244
-12.26	-0.937119
-12.24	-0.936993
-12.22	-0.936868
-12.2	-0.936743
-12.18	-0.936618
-12.16	-0.936493
-12.14	-0.936368
-12.12	-0.936243
-12.1	-0.936118
-12.08	-0.935993
-12.06	-0.935868
-12.04	-0.935743
-12.02	-0.935618
-12	-0.935493
-11.98	-0.935369
-11.96	-0.935244
-11.94	-0.935119
-11.92	-0.934994
-11.9	-0.93487
-11.88	-0.934745
-11.86	-0.93462
-11.84	-0.934496
-11.82	-0.934371
-11.8	-0.934246
-11.78	-0.934122
-11.76	-0.933997
-11.74	-0.933873
-11.72	-0.933748
-11.7	-0.933624
-11.68	-0.933499
-11.66	-0.933375
-11.64	-0.933251
-11.62	-0.933126
-11.6	-0.933002
-11.58	-0.932878
-11.56	-0.932754
-11.54	-0.932629
-11.52	-0.932505
-11.5	-0.932381
-11.48	-0.932257
-11.46	-0.932133
-11.44	-0.932009
-11.42	-0.931884
-11.4	-0.93176
-11.38	-0.931636
-11.36	-0.931512
-11.34	-0.931388
-11.32	-0.931264
-11.3	-0.93114
-11.28	-0.931017
-11.26	-0.930893
-11.24	-0.930769
-11.22	-0.930645
-11.2	-0.930521
-11.18	-0.930397
-11.16	-0.930274
-11.14	-0.93015
-11.12	-0.930026
-11.1	-0.929902
-11.08	-0.929779
-11.06	-0.929655
-11.04	-0.929532
-11.02	-0.929408
-11	-0.929284
-10.98	-0.929161
-10.96	-0.929037
-10.94	-0.928914
-10.92	-0.92879
-10.9	-0.928667
-10.88	-0.928543
-10.86	-0.92842
-10.84	-0.928297
-10.82	-0.928173
-10.8	-0.92805
-10.78	-0.927926
-10.76	-0.927803
-10.74	-0.92768
-10.72	-0.927557
-10.7	-0.927433
-10.68	-0.92731
-10.66	-0.927187
-10.64	-0.927064
-10.62	-0.92694
-10.6	-0.926817
-10.58	-0.926694
-10.56	-0.926571
-10.54	-0.926448
-10.52	-0.926325
-10.5	-0.926202
-10.48	-0.926079
-10.46	-0.925956
-10.44	-0.925833
-10.42	-0.92571
-10.4	-0.925587
-10.38	-0.925464
-10.36	-0.925341
-10.34	-0.925218
-10.32	-0.925095
-10.3	-0.924972
-10.28	-0.924849
-10.26	-0.924726
-10.24	-0.924603
-10.22	-0.92448
-10.2	-0.924357
-10.18	-0.924235
-10.16	-0.924112
-10.14	-0.923989
-10.12	-0.923866
-10.1	-0.923743
-10.08	-0.923621
-10.06	-0.923498
-10.04	-0.923375
-10.02	-0.923252
-10	-0.92313
-9.98	-0.923007
-9.96	-0.922884
-9.94	-0.922761
-9.92	-0.922639
-9.9	-0.922516
-9.88	-0.922393
-9.86	-0.922271
-9.84	-0.922148
-9.82	-0.922025
-9.8	-0.921903
-9.78	-0.92178
-9.76	-0.921657
-9.74	-0.921535
-9.72	-0.921412
-9.7	-0.921289
-9.68	-0.921167
-9.66	-0.921044
-9.64	-0.920921
-9.62	-0.920799
-9.6	-0.920676
-9.58	-0.920553
-9.56	-0.920431
-9.54	-0.920308
-9.52	-0.920185
-9.5	-0.920063
-9.48	-0.91994
-9.46	-0.919817
-9.44	-0.919695
-9.42	-0.919572
-9.4	-0.919449
-9.38	-0.919327
-9.36	-0.919204
-9.34	-0.919081
-9.32	-0.918958
-9.3	-0.918836
-9.28	-0.918713
-9.26	-0.91859
-9.24	-0.918467
-9.22	-0.918345
-9.2	-0.918222
-9.18	-0.918099
-9.16	-0.917976
-9.14	-0.917853
-9.12	-0.91773
-9.1	-0.917607
-9.08	-0.917484
-9.06	-0.917361
-9.04	-0.917239
-9.02	-0.917116
-9	-0.916992
-8.98	-0.916869
-8.96	-0.916746
-8.94	-0.916623
-8.92	-0.9165
-8.9	-0.916377
-8.88	-0.916254
-8.86	-0.91613
-8.84	-0.916007
-8.82	-0.915884
-8.8	-0.915761
-8.78	-0.915637
-8.76	-0.915514
-8.74	-0.91539
-8.72	-0.915267
-8.7	-0.915143
-8.68	-0.91502
-8.66	-0.914896
-8.64	-0.914772
-8.62	-0.914648
-8.6	-0.914525
-8.58	-0.914401
-8.56	-0.914277
-8.54	-0.914153
-8.52	-0.914029
-8.5	-0.913905
-8.48	-0.91378
-8.46	-0.913656
-8.44	-0.913532
-8.42	-0.913408
-8.4	-0.913283
-8.38	-0.913159
-8.36	-0.913034
-8.34	-0.912909
-8.32	-0.912785
-8.3	-0.91266
-8.28	-0.912535
-8.26	-0.91241
-8.24	-0.912285
-8.22	-0.91216
-8.2	-0.912034
-8.18	-0.911909
-8.16	-0.911783
-8.14	-0.911658
-8.12	-0.911532
-8.1	-0.911406
-8.08	-0.911281
-8.06	-0.911155
-8.04	-0.911028
-8.02	-0.910902
-8	-0.910776
-7.98	-0.910649
-7.96	-0.910523
-7.94	-0.910396
-7.92	-0.910269
-7.9	-0.910142
-7.88	-0.910015
-7.86	-0.909888
-7.84	-0.90976
-7.82	-0.909633
-7.8	-0.909505
-7.78	-0.909377
-7.76	-0.909249
-7.74	-0.909121
-7.72	-0.908992
-7.7	-0.908864
-7.68	-0.908735
-7.66	-0.908606
-7.64	-0.908477
-7.62	-0.908348
-7.6	-0.908218
-7.58	-0.908089
-7.56	-0.907959
-7.54	-0.907829
-7.52	-0.907698
-7.5	-0.907568
-7.48	-0.907437
-7.46	-0.907306
-7.44	-0.907175
-7.42	-0.907044
-7.4	-0.906912
-7.38	-0.90678
-7.36	-0.906648
-7.34	-0.906515
-7.32	-0.906383
-7.3	-0.90625
-7.28	-0.906116
-7.26	-0.905983
-7.24	-0.905849
-7.22	-0.905715
-7.2	-0.90558
-7.18	-0.905446
-7.16	-0.905311
-7.14	-0.905175
-7.12	-0.905039
-7.1	-0.904903
-7.08	-0.904767
-7.06	-0.90463
-7.04	-0.904493
-7.02	-0.904356
-7	-0.904218
-6.98	-0.90408
-6.96	-0.903941
-6.94	-0.903802
-6.92	-0.903662
-6.9	-0.903523
-6.88	-0.903382
-6.86	-0.903242
-6.84	-0.9031
-6.82	-0.902959
-6.8	-0.902817
-6.78	-0.902674
-6.76	-0.902531
-6.74	-0.902387
-6.72	-0.902243
-6.7	-0.902099
-6.68	-0.901954
-6.66	-0.901808
-6.64	-0.901662
-6.62	-0.901515
-6.6	-0.901368
-6.58	-0.90122
-6.56	-0.901071
-6.54	-0.900922
-6.52	-0.900772
-6.5	-0.900622
-6.48	-0.900471
-6.46	-0.900319
-6.44	-0.900167
-6.42	-0.900014
-6.4	-0.89986
-6.38	-0.899705
-6.36	-0.89955
-6.34	-0.899394
-6.32	-0.899237
-6.3	-0.89908
-6.28	-0.898922
-6.26	-0.898762
-6.24	-0.898602
-6.22	-0.898441
-6.2	-0.89828
-6.18	-0.898117
-6.16	-0.897954
-6.14	-0.897789
-6.12	-0.897624
-6.1	-0.897457
-6.08	-0.89729
-6.06	-0.897122
-6.04	-0.896952
-6.02	-0.896782
-6	-0.896611
-5.98	-0.896438
-5.96	-0.896264
-5.94	-0.89609
-5.92	-0.895914
-5.9	-0.895737
-5.88	-0.895558
-5.86	-0.895379
-5.84	-0.895198
-5.82	-0.895016
-5.8	-0.894832
-5.78	-0.894648
-5.76	-0.894462
-5.74	-0.894274
-5.72	-0.894085
-5.7	-0.893895
-5.68	-0.893703
-5.66	-0.89351
-5.64	-0.893315
-5.62	-0.893119
-5.6	-0.892921
-5.58	-0.892721
-5.56	-0.89252
-5.54	-0.892317
-5.52	-0.892112
-5.5	-0.891906
-5.48	-0.891698
-5.46	-0.891487
-5.44	-0.891275
-5.42	-0.891062
-5.4	-0.890846
-5.38	-0.890628
-5.36	-0.890408
-5.34	-0.890186
-5.32	-0.889962
-5.3	-0.889736
-5.28	-0.889508
-5.26	-0.889277
-5.24	-0.889044
-5.22	-0.888809
-5.2	-0.888571
-5.18	-0.888331
-5.16	-0.888089
-5.14	-0.887844
-5.12	-0.887596
-5.1	-0.887346
-5.08	-0.887093
-5.06	-0.886838
-5.04	-0.886579
-5.02	-0.886318
-5	-0.886054
-4.98	-0.885787
-4.96	-0.885517
-4.94	-0.885244
-4.92	-0.884968
-4.9	-0.884688
-4.88	-0.884405
-4.86	-0.884119
-4.84	-0.88383
-4.82	-0.883537
-4.8	-0.883241
-4.78	-0.882941
-4.76	-0.882637
-4.74	-0.88233
-4.72	-0.882018
-4.7	-0.881703
-4.68	-0.881384
-4.66	-0.881061
-4.64	-0.880734
-4.62	-0.880403
-4.6	-0.880067
-4.58	-0.879727
-4.56	-0.879383
-4.54	-0.879034
-4.52	-0.87868
-4.5	-0.878322
-4.48	-0.877959
-4.46	-0.877591
-4.44	-0.877218
-4.42	-0.87684
-4.4	-0.876456
-4.38	-0.876068
-4.36	-0.875674
-4.34	-0.875275
-4.32	-0.87487
-4.3	-0.874459
-4.28	-0.874042
-4.26	-0.87362
-4.24	-0.873191
-4.22	-0.872757
-4.2	-0.872316
-4.18	-0.871869
-4.16	-0.871415
-4.14	-0.870955
-4.12	-0.870487
-4.1	-0.870013
-4.08	-0.869532
-4.06	-0.869044
-4.04	-0.868548
-4.02	-0.868046
-4	-0.867535
-3.98	-0.867017
-3.96	-0.866491
-3.94	-0.865957
-3.92	-0.865415
-3.9	-0.864864
-3.88	-0.864305
-3.86	-0.863738
-3.84	-0.863161
-3.82	-0.862576
-3.8	-0.861982
-3.78	-0.861378
-3.76	-0.860765
-3.74	-0.860142
-3.72	-0.85951
-3.7	-0.858867
-3.68	-0.858215
-3.66	-0.857552
-3.64	-0.856878
-3.62	-0.856194
-3.6	-0.855499
-3.58	-0.854793
-3.56	-0.854076
-3.54	-0.853347
-3.52	-0.852606
-3.5	-0.851853
-3.48	-0.851089
-3.46	-0.850312
-3.44	-0.849522
-3.42	-0.84872
-3.4	-0.847904
-3.38	-0.847075
-3.36	-0.846233
-3.34	-0.845377
-3.32	-0.844508
-3.3	-0.843623
-3.28	-0.842725
-3.26	-0.841812
-3.24	-0.840884
-3.22	-0.83994
-3.2	-0.838982
-3.18	-0.838007
-3.16	-0.837017
-3.14	-0.83601
-3.12	-0.834987
-3.1	-0.833947
-3.08	-0.83289
-3.06	-0.831815
-3.04	-0.830723
-3.02	-0.829613
-3	-0.828485
-2.98	-0.827338
-2.96	-0.826172
-2.94	-0.824987
-2.92	-0.823783
-2.9	-0.822559
-2.88	-0.821315
-2.86	-0.820051
-2.84	-0.818765
-2.82	-0.817459
-2.8	-0.816132
-2.78	-0.814783
-2.76	-0.813411
-2.74	-0.812018
-2.72	-0.810601
-2.7	-0.809162
-2.68	-0.807699
-2.66	-0.806213
-2.64	-0.804702
-2.62	-0.803168
-2.6	-0.801608
-2.58	-0.800023
-2.56	-0.798413
-2.54	-0.796777
-2.52	-0.795114
-2.5	-0.793425
-2.48	-0.791709
-2.46	-0.789966
-2.44	-0.788195
-2.42	-0.786396
-2.4	-0.784569
-2.38	-0.782713
-2.36	-0.780827
-2.34	-0.778912
-2.32	-0.776967
-2.3	-0.774992
-2.28	-0.772986
-2.26	-0.770949
-2.24	-0.768881
-2.22	-0.766781
-2.2	-0.764649
-2.18	-0.762484
-2.16	-0.760286
-2.14	-0.758055
-2.12	-0.75579
-2.1	-0.753491
-2.08	-0.751158
-2.06	-0.748789
-2.04	-0.746386
-2.02	-0.743948
-2	-0.741473
-1.98	-0.738962
-1.96	-0.736415
-1.94	-0.733831
-1.92	-0.731209
-1.9	-0.72855
-1.88	-0.725853
-1.86	-0.723118
-1.84	-0.720344
-1.82	-0.717532
-1.8	-0.71468
-1.78	-0.711789
-1.76	-0.708858
-1.74	-0.705887
-1.72	-0.702875
-1.7	-0.699823
-1.68	-0.696731
-1.66	-0.693597
-1.64	-0.690422
-1.62	-0.687205
-1.6	-0.683947
-1.58	-0.680646
-1.56	-0.677304
-1.54	-0.673919
-1.52	-0.670492
-1.5	-0.667022
-1.48	-0.663509
-1.46	-0.659953
-1.44	-0.656354
-1.42	-0.652712
-1.4	-0.649027
-1.38	-0.645298
-1.36	-0.641526
-1.34	-0.637711
-1.32	-0.633852
-1.3	-0.62995
-1.28	-0.626004
-1.26	-0.622015
-1.24	-0.617983
-1.22	-0.613907
-1.2	-0.609789
-1.18	-0.605627
-1.16	-0.601422
-1.14	-0.597174
-1.12	-0.592884
-1.1	-0.588551
-1.08	-0.584176
-1.06	-0.579759
-1.04	-0.5753
-1.02	-0.5708
-1	-0.566258
-0.98	-0.561676
-0.96	-0.557053
-0.94	-0.55239
-0.92	-0.547687
-0.9	-0.542945
-0.88	-0.538164
-0.86	-0.533344
-0.84	-0.528486
-0.82	-0.523591
-0.8	-0.518659
-0.78	-0.513691
-0.76	-0.508686
-0.74	-0.503646
-0.72	-0.498572
-0.7	-0.493464
-0.68	-0.488322
-0.66	-0.483148
-0.64	-0.477942
-0.62	-0.472704
-0.6	-0.467436
-0.58	-0.462139
-0.56	-0.456812
-0.54	-0.451457
-0.52	-0.446076
-0.5	-0.440668
-0.48	-0.435234
-0.46	-0.429776
-0.44	-0.424294
-0.42	-0.418789
-0.4	-0.413262
-0.38	-0.407715
-0.36	-0.402148
-0.34	-0.396562
-0.32	-0.390958
-0.3	-0.385337
-0.28	-0.3797
-0.26	-0.374049
-0.24	-0.368384
-0.22	-0.362706
-0.2	-0.357017
-0.18	-0.351318
-0.16	-0.345609
-0.14	-0.339892
-0.12	-0.334168
-0.1	-0.328438
-0.08	-0.322703
-0.06	-0.316965
-0.04	-0.311224
-0.02	-0.305482
3.37681e-13	-0.299739
0.02	-0.293997
0.04	-0.288257
0.06	-0.282521
0.08	-0.276789
0.1	-0.271062
0.12	-0.265342
0.14	-0.259629
0.16	-0.253926
0.18	-0.248232
0.2	-0.242549
0.22	-0.236879
0.24	-0.231222
0.26	-0.225579
0.28	-0.219952
0.3	-0.214341
0.32	-0.208747
0.34	-0.203172
0.36	-0.197617
0.38	-0.192082
0.4	-0.186569
0.42	-0.181079
0.44	-0.175612
0.46	-0.170169
0.48	-0.164752
0.5	-0.159361
0.52	-0.153998
0.54	-0.148662
0.56	-0.143355
0.58	-0.138078
0.6	-0.132832
0.62	-0.127616
0.64	-0.122433
0.66	-0.117283
0.68	-0.112166
0.7	-0.107084
0.72	-0.102036
0.74	-0.0970239
0.76	-0.0920481
0.78	-0.087109
0.8	-0.0822074
0.82	-0.0773437
0.84	-0.0725185
0.86	-0.0677323
0.88	-0.0629856
0.9	-0.0582789
0.92	-0.0536126
0.94	-0.0489871
0.96	-0.0444028
0.98	-0.0398601
1	-0.0353594
1.02	-0.0309009
1.04	-0.026485
1.06	-0.022112
1.08	-0.0177822
1.1	-0.0134956
1.12	-0.00925271
1.14	-0.00505355
1.16	-0.000898341
1.18	0.00321276
1.2	0.00727962
1.22	0.0113021
1.24	0.0152802
1.26	0.0192138
1.28	0.0231027
1.3	0.0269471
1.32	0.0307469
1.34	0.034502
1.36	0.0382125
1.38	0.0418785
1.4	0.0454999
1.42	0.0490769
1.44	0.0526095
1.46	0.0560978
1.48	0.059542
1.5	0.0629422
1.52	0.0662985
1.54	0.0696111
1.56	0.0728802
1.58	0.0761058
1.6	0.0792883
1.62	0.0824279
1.64	0.0855246
1.66	0.0885789
1.68	0.0915909
1.7	0.0945609
1.72	0.0974891
1.74	0.100376
1.76	0.103221
1.78	0.106026
1.8	0.10879
1.82	0.111513
1.84	0.114197
1.86	0.116841
1.88	0.119445
1.9	0.122011
1.92	0.124538
1.94	0.127026
1.96	0.129476
1.98	0.131889
2	0.134264
2.02	0.136603
2.04	0.138905
2.06	0.14117
2.08	0.1434
2.1	0.145594
2.12	0.147753
2.14	0.149878
2.16	0.151968
2.18	0.154024
2.2	0.156046
2.22	0.158036
2.24	0.159992
2.26	0.161916
2.28	0.163808
2.3	0.165668
2.32	0.167497
2.34	0.169295
2.36	0.171063
2.38	0.172801
2.4	0.174508
2.42	0.176187
2.44	0.177836
2.46	0.179457
2.48	0.18105
2.5	0.182614
2.52	0.184152
2.54	0.185662
2.56	0.187146
2.58	0.188603
2.6	0.190034
2.62	0.19144
2.64	0.19282
2.66	0.194176
2.68	0.195507
2.7	0.196814
2.72	0.198097
2.74	0.199357
2.76	0.200593
2.78	0.201807
2.8	0.202998
2.82	0.204168
2.84	0.205315
2.86	0.206441
2.88	0.207547
2.9	0.208631
2.92	0.209695
2.94	0.210739
2.96	0.211763
2.98	0.212767
3	0.213753
3.02	0.214719
3.04	0.215667
3.06	0.216597
3.08	0.217509
3.1	0.218403
3.12	0.219279
3.14	0.220139
3.16	0.220982
3.18	0.221808
3.2	0.222618
3.22	0.223412
3.24	0.22419
3.26	0.224953
3.28	0.225701
3.3	0.226433
3.32	0.227151
3.34	0.227855
3.36	0.228544
3.38	0.22922
3.4	0.229881
3.42	0.23053
3.44	0.231165
3.46	0.231787
3.48	0.232396
3.5	0.232992
3.52	0.233577
3.54	0.234149
3.56	0.234709
3.58	0.235258
3.6	0.235795
3.62	0.23632
3.64	0.236835
3.66	0.237339
3.68	0.237832
3.7	0.238314
3.72	0.238787
3.74	0.239249
3.76	0.239701
3.78	0.240143
3.8	0.240576
3.82	0.240999
3.84	0.241413
3.86	0.241818
3.88	0.242214
3.9	0.242602
3.92	0.24298
3.94	0.24335
3.96	0.243712
3.98	0.244066
4	0.244412
4.02	0.24475
4.04	0.24508
4.06	0.245403
4.08	0.245719
4.1	0.246027
4.12	0.246328
4.14	0.246622
4.16	0.246909
4.18	0.247189
4.2	0.247463
4.22	0.24773
4.24	0.247991
4.26	0.248245
4.28	0.248494
4.3	0.248736
4.32	0.248973
4.34	0.249203
4.36	0.249428
4.38	0.249648
4.4	0.249862
4.42	0.25007
4.44	0.250273
4.46	0.250472
4.48	0.250665
4.5	0.250853
4.52	0.251036
4.54	0.251214
4.56	0.251388
4.58	0.251557
4.6	0.251721
4.62	0.251882
4.64	0.252037
4.66	0.252189
4.68	0.252336
4.7	0.252479
4.72	0.252618
4.74	0.252754
4.76	0.252885
4.78	0.253013
4.8	0.253136
4.82	0.253257
4.84	0.253373
4.86	0.253486
4.88	0.253596
4.9	0.253702
4.92	0.253805
4.94	0.253905
4.96	0.254001
4.98	0.254094
5	0.254185
5.02	0.254272
5.04	0.254356
5.06	0.254438
5.08	0.254516
5.1	0.254592
5.12	0.254665
5.14	0.254736
5.16	0.254804
5.18	0.254869
5.2	0.254932
5.22	0.254992
5.24	0.25505
5.26	0.255105
5.28	0.255158
5.3	0.255209
5.32	0.255258
5.34	0.255304
5.36	0.255348
5.38	0.25539
5.4	0.25543
5.42	0.255469
5.44	0.255505
5.46	0.255539
5.48	0.255571
5.5	0.255601
5.52	0.25563
5.54	0.255656
5.56	0.255681
5.58	0.255705
5.6	0.255726
5.62	0.255746
5.64	0.255764
5.66	0.255781
5.68	0.255796
5.7	0.255809
5.72	0.255821
5.74	0.255832
5.76	0.255841
5.78	0.255849
5.8	0.255855
5.82	0.25586
5.84	0.255863
5.86	0.255866
5.88	0.255867
5.9	0.255867
5.92	0.255865
5.94	0.255862
5.96	0.255858
5.98	0.255853
6	0.255847
6.02	0.25584
6.04	0.255832
6.06	0.255822
6.08	0.255812
6.1	0.2558
6.12	0.255788
6.14	0.255774
6.16	0.25576
6.18	0.255744
6.2	0.255728
6.22	0.255711
6.24	0.255693
6.26	0.255674
6.28	0.255654
6.3	0.255633
6.32	0.255611
6.34	0.255589
6.36	0.255566
6.38	0.255542
6.4	0.255517
6.42	0.255492
6.44	0.255466
6.46	0.255439
6.48	0.255411
6.5	0.255383
6.52	0.255354
6.54	0.255325
6.56	0.255295
6.58	0.255264
6.6	0.255232
6.62	0.2552
6.64	0.255168
6.66	0.255134
6.68	0.255101
6.7	0.255066
6.72	0.255031
6.74	0.254996
6.76	0.25496
6.78	0.254923
6.8	0.254886
6.82	0.254849
6.84	0.254811
6.86	0.254773
6.88	0.254734
6.9	0.254694
6.92	0.254655
6.94	0.254614
6.96	0.254574
6.98	0.254533
7	0.254491
7.02	0.254449
7.04	0.254407
7.06	0.254364
7.08	0.254321
7.1	0.254278
7.12	0.254234
7.14	0.25419
7.16	0.254146
7.18	0.254101
7.2	0.254056
7.22	0.25401
7.24	0.253964
7.26	0.253918
7.28	0.253872
7.3	0.253825
7.32	0.253778
7.34	0.253731
7.36	0.253684
7.38	0.253636
7.4	0.253588
7.42	0.253539
7.44	0.253491
7.46	0.253442
7.48	0.253393
7.5	0.253343
7.52	0.253294
7.54	0.253244
7.56	0.253194
7.58	0.253144
7.6	0.253093
7.62	0.253043
7.64	0.252992
7.66	0.252941
7.68	0.252889
7.7	0.252838
7.72	0.252786
7.74	0.252734
7.76	0.252682
7.78	0.25263
7.8	0.252578
7.82	0.252525
7.84	0.252472
7.86	0.252419
7.88	0.252366
7.9	0.252313
7.92	0.25226
7.94	0.252206
7.96	0.252153
7.98	0.252099
8	0.252045
8.02	0.251991
8.04	0.251937
8.06	0.251882
8.08	0.251828
8.1	0.251773
8.12	0.251719
8.14	0.251664
8.16	0.251609
8.18	0.251554
8.2	0.251499
8.22	0.251443
8.24	0.251388
8.26	0.251332
8.28	0.251277
8.3	0.251221
8.32	0.251165
8.34	0.251109
8.36	0.251054
8.38	0.250997
8.4	0.250941
8.42	0.250885
8.44	0.250829
8.46	0.250772
8.48	0.250716
8.5	0.250659
8.52	0.250603
8.54	0.250546
8.56	0.250489
8.58	0.250432
8.6	0.250376
8.62	0.250319
8.64	0.250261
8.66	0.250204
8.68	0.250147
8.7	0.25009
8.72	0.250033
8.74	0.249975
8.76	0.249918
8.78	0.249861
8.8	0.249803
8.82	0.249745
8.84	0.249688
8.86	0.24963
8.88	0.249573
8.9	0.249515
8.92	0.249457
8.94	0.249399
8.96	0.249341
8.98	0.249283
9	0.249225
9.02	0.249167
9.04	0.249109
9.06	0.249051
9.08	0.248993
9.1	0.248935
9.12	0.248877
9.14	0.248819
9.16	0.24876
9.18	0.248702
9.2	0.248644
9.22	0.248586
9.24	0.248527
9.26	0.248469
9.28	0.24841
9.3	0.248352
9.32	0.248294
9.34	0.248235
9.36	0.248177
9.38	0.248118
9.4	0.248059
9.42	0.248001
9.44	0.247942
9.46	0.247884
9.48	0.247825
9.5	0.247766
9.52	0.247708
9.54	0.247649
9.56	0.24759
9.58	0.247532
9.6	0.247473
9.62	0.247414
9.64	0.247356
9.66	0.247297
9.68	0.247238
9.7	0.247179
9.72	0.247121
9.74	0.247062
9.76	0.247003
9.78	0.246944
9.8	0.246885
9.82	0.246827
9.84	0.246768
9.86	0.246709
9.88	0.24665
9.9	0.246591
9.92	0.246532
9.94	0.246473
9.96	0.246415
9.98	0.246356
10	0.246297
10.02	0.246238
10.04	0.246179
10.06	0.24612
10.08	0.246061
10.1	0.246002
10.12	0.245944
10.14	0.245885
10.16	0.245826
10.18	0.245767
10.2	0.245708
10.22	0.245649
10.24	0.24559
10.26	0.245531
10.28	0.245472
10.3	0.245414
10.32	0.245355
10.34	0.245296
10.36	0.245237
10.38	0.245178
10.4	0.245119
10.42	0.24506
10.44	0.245002
10.46	0.244943
10.48	0.244884
10.5	0.244825
10.52	0.244766
10.54	0.244707
10.56	0.244648
10.58	0.24459
10.6	0.244531
10.62	0.244472
10.64	0.244413
10.66	0.244354
10.68	0.244296
10.7	0.244237
10.72	0.244178
10.74	0.244119
10.76	0.244061
10.78	0.244002
10.8	0.243943
10.82	0.243884
10.84	0.243826
10.86	0.243767
10.88	0.243708
10.9	0.243649
10.92	0.243591
10.94	0.243532
10.96	0.243473
10.98	0.243415
11	0.243356
11.02	0.243297
11.04	0.243239
11.06	0.24318
11.08	0.243122
11.1	0.243063
11.12	0.243004
11.14	0.242946
11.16	0.242887
11.18	0.242829
11.2	0.24277
11.22	0.242712
11.24	0.242653
11.26	0.242595
11.28	0.242536
11.3	0.242478
11.32	0.242419
11.34	0.242361
11.36	0.242302
11.38	0.242244
11.4	0.242185
11.42	0.242127
11.44	0.242068
11.46	0.24201
11.48	0.241952
11.5	0.241893
11.52	0.241835
11.54	0.241777
11.56	0.241718
11.58	0.24166
11.6	0.241602
11.62	0.241543
11.64	0.241485
11.66	0.241427
11.68	0.241369
11.7	0.24131
11.72	0.241252
11.74	0.241194
11.76	0.241136
11.78	0.241078
11.8	0.241019
11.82	0.240961
11.84	0.240903
11.86	0.240845
11.88	0.240787
11.9	0.240729
11.92	0.240671
11.94	0.240613
11.96	0.240555
11.98	0.240497
12	0.240438
12.02	0.24038
12.04	0.240322
12.06	0.240264
12.08	0.240207
12.1	0.240149
12.12	0.240091
12.14	0.240033
12.16	0.239975
12.18	0.239917
12.2	0.239859
12.22	0.239801
12.24	0.239743
12.26	0.239685
12.28	0.239628
12.3	0.23957
12.32	0.239512
12.34	0.239454
12.36	0.239397
12.38	0.239339
12.4	0.239281
12.42	0.239223
12.44	0.239166
12.46	0.239108
12.48	0.23905
12.5	0.238993
12.52	0.238935
12.54	0.238877
12.56	0.23882
12.58	0.238762
12.6	0.238705
12.62	0.238647
12.64	0.238589
12.66	0.238532
12.68	0.238474
12.7	0.238417
12.72	0.238359
12.74	0.238302
12.76	0.238245
12.78	0.238187
12.8	0.23813
12.82	0.238072
12.84	0.238015
12.86	0.237958
12.88	0.2379
12.9	0.237843
12.92	0.237786
12.94	0.237728
12.96	0.237671
12.98	0.237614
13	0.237556
13.02	0.237499
13.04	0.237442
13.06	0.237385
13.08	0.237328
13.1	0.23727
13.12	0.237213
13.14	0.237156
13.16	0.237099
13.18	0.237042
13.2	0.236985
13.22	0.236928
13.24	0.236871
13.26	0.236813
13.28	0.236756
13.3	0.236699
13.32	0.236642
13.34	0.236585
13.36	0.236528
13.38	0.236472
13.4	0.236415
13.42	0.236358
13.44	0.236301
13.46	0.236244
13.48	0.236187
13.5	0.23613
13.52	0.236073
13.54	0.236016
13.56	0.23596
13.58	0.235903
13.6	0.235846
13.62	0.235789
13.64	0.235733
13.66	0.235676
13.68	0.235619
13.7	0.235562
13.72	0.235506
13.74	0.235449
13.76	0.235393
13.78	0.235336
13.8	0.235279
13.82	0.235223
13.84	0.235166
13.86	0.23511
13.88	0.235053
13.9	0.234996
13.92	0.23494
13.94	0.234883
13.96	0.234827
13.98	0.23477
14	0.234714
14.02	0.234658
14.04	0.234601
14.06	0.234545
14.08	0.234488
14.1	0.234432
14.12	0.234376
14.14	0.234319
14.16	0.234263
14.18	0.234207
14.2	0.23415
14.22	0.234094
14.24	0.234038
14.26	0.233982
14.28	0.233925
14.3	0.233869
14.32	0.233813
14.34	0.233757
14.36	0.233701
14.38	0.233645
14.4	0.233589
14.42	0.233532
14.44	0.233476
14.46	0.23342
14.48	0.233364
14.5	0.233308
14.52	0.233252
14.54	0.233196
14.56	0.23314
14.58	0.233084
14.6	0.233028
14.62	0.232972
14.64	0.232916
14.66	0.23286
14.68	0.232805
14.7	0.232749
14.72	0.232693
14.74	0.232637
14.76	0.232581
14.78	0.232525
14.8	0.23247
14.82	0.232414
14.84	0.232358
14.86	0.232302
14.88	0.232247
14.9	0.232191
14.92	0.232135
14.94	0.232079
14.96	0.232024
14.98	0.231968
15	0.231913
15.02	0.231857
15.04	0.231801
15.06	0.231746
15.08	0.23169
15.1	0.231635
15.12	0.231579
15.14	0.231524
15.16	0.231468
15.18	0.231413
15.2	0.231357
15.22	0.231302
15.24	0.231246
15.26	0.231191
15.28	0.231135
15.3	0.23108
15.32	0.231025
15.34	0.230969
15.36	0.230914
15.38	0.230859
15.4	0.230803
15.42	0.230748
15.44	0.230693
15.46	0.230638
15.48	0.230582
15.5	0.230527
15.52	0.230472
15.54	0.230417
15.56	0.230362
15.58	0.230306
15.6	0.230251
15.62	0.230196
15.64	0.230141
15.66	0.230086
15.68	0.230031
15.7	0.229976
15.72	0.229921
15.74	0.229866
15.76	0.229811
15.78	0.229756
15.8	0.229701
15.82	0.229646
15.84	0.229591
15.86	0.229536
15.88	0.229481
15.9	0.229426
15.92	0.229371
15.94	0.229316
15.96	0.229261
15.98	0.229207
16	0.229152
16.02	0.229097
16.04	0.229042
16.06	0.228987
16.08	0.228933
16.1	0.228878
16.12	0.228823
16.14	0.228769
16.16	0.228714
16.18	0.228659
16.2	0.228605
16.22	0.22855
16.24	0.228495
16.26	0.228441
16.28	0.228386
16.3	0.228331
16.32	0.228277
16.34	0.228222
16.36	0.228168
16.38	0.228113
16.4	0.228059
16.42	0.228004
16.44	0.22795
16.46	0.227895
16.48	0.227841
16.5	0.227787
16.52	0.227732
16.54	0.227678
16.56	0.227623
16.58	0.227569
16.6	0.227515
16.62	0.22746
16.64	0.227406
16.66	0.227352
16.68	0.227298
16.7	0.227243
16.72	0.227189
16.74	0.227135
16.76	0.227081
16.78	0.227026
16.8	0.226972
16.82	0.226918
16.84	0.226864
16.86	0.22681
16.88	0.226756
16.9	0.226702
16.92	0.226648
16.94	0.226594
16.96	0.22654
16.98	0.226485
17	0.226431
17.02	0.226377
17.04	0.226323
17.06	0.22627
17.08	0.226216
17.1	0.226162
17.12	0.226108
17.14	0.226054
17.16	0.226
17.18	0.225946
17.2	0.225892
17.22	0.225838
17.24	0.225785
17.26	0.225731
17.28	0.225677
17.3	0.225623
17.32	0.225569
17.34	0.225516
17.36	0.225462
17.38	0.225408
17.4	0.225354
17.42	0.225301
17.44	0.225247
17.46	0.225193
17.48	0.22514
17.5	0.225086
17.52	0.225033
17.54	0.224979
17.56	0.224925
17.58	0.224872
17.6	0.224818
17.62	0.224765
17.64	0.224711
17.66	0.224658
17.68	0.224604
17.7	0.224551
17.72	0.224497
17.74	0.224444
17.76	0.224391
17.78	0.224337
17.8	0.224284
17.82	0.22423
17.84	0.224177
17.86	0.224124
17.88	0.22407
17.9	0.224017
17.92	0.223964
17.94	0.223911
17.96	0.223857
17.98	0.223804
18	0.223751
18.02	0.223698
18.04	0.223645
18.06	0.223591
18.08	0.223538
18.1	0.223485
18.12	0.223432
18.14	0.223379
18.16	0.223326
18.18	0.223273
18.2	0.22322
18.22	0.223166
18.24	0.223113
18.26	0.22306
18.28	0.223007
18.3	0.222954
18.32	0.222901
18.34	0.222848
18.36	0.222796
18.38	0.222743
18.4	0.22269
18.42	0.222637
18.44	0.222584
18.46	0.222531
18.48	0.222478
18.5	0.222425
18.52	0.222373
18.54	0.22232
18.56	0.222267
18.58	0.222214
18.6	0.222161
18.62	0.222109
18.64	0.222056
18.66	0.222003
18.68	0.221951
18.7	0.221898
18.72	0.221845
18.74	0.221793
18.76	0.22174
18.78	0.221687
18.8	0.221635
18.82	0.221582
18.84	0.22153
18.86	0.221477
18.88	0.221424
18.9	0.221372
18.92	0.221319
18.94	0.221267
18.96	0.221214
18.98	0.221162
19	0.22111
19.02	0.221057
19.04	0.221005
19.06	0.220952
19.08	0.2209
19.1	0.220848
19.12	0.220795
19.14	0.220743
19.16	0.220691
19.18	0.220638
19.2	0.220586
19.22	0.220534
19.24	0.220481
19.26	0.220429
19.28	0.220377
19.3	0.220325
19.32	0.220272
19.34	0.22022
19.36	0.220168
19.38	0.220116
19.4	0.220064
19.42	0.220012
19.44	0.21996
19.46	0.219908
19.48	0.219855
19.5	0.219803
19.52	0.219751
19.54	0.219699
19.56	0.219647
19.58	0.219595
19.6	0.219543
19.62	0.219491
19.64	0.219439
19.66	0.219387
19.68	0.219335
19.7	0.219284
19.72	0.219232
19.74	0.21918
19.76	0.219128
19.78	0.219076
19.8	0.219024
19.82	0.218972
19.84	0.218921
19.86	0.218869
19.88	0.218817
19.9	0.218765
19.92	0.218714
19.94	0.218662
19.96	0.21861
19.98	0.218558
20	0.218507
