19.98	-1.48714e-07
19.96	-7.73825e-08
19.94	-6.03517e-08
19.92	-5.22804e-08
19.9	-4.75286e-08
19.88	-4.442e-08
19.86	-4.2244e-08
19.84	-4.07008e-08
19.82	-3.95461e-08
19.8	-3.87024e-08
19.78	-3.81029e-08
19.76	-3.76255e-08
19.74	-3.73035e-08
19.72	-3.71037e-08
19.7	-3.69815e-08
19.68	-3.69371e-08
19.66	-3.69704e-08
19.64	-3.7037e-08
19.62	-3.71703e-08
19.6	-3.7359e-08
19.58	-3.75699e-08
19.56	-3.78142e-08
19.54	-3.80695e-08
19.52	-3.83915e-08
19.5	-3.87357e-08
19.48	-3.90799e-08
19.46	-3.94795e-08
19.44	-3.98792e-08
19.42	-4.03233e-08
19.4	-4.07896e-08
19.38	-4.1267e-08
19.36	-4.17555e-08
19.34	-4.22995e-08
19.32	-4.28435e-08
19.3	-4.34208e-08
19.28	-4.3987e-08
19.26	-4.46088e-08
19.24	-4.52305e-08
19.22	-4.58855e-08
19.2	-4.65517e-08
19.18	-4.724e-08
19.16	-4.79727e-08
19.14	-4.87166e-08
19.12	-4.94493e-08
19.1	-5.02376e-08
19.08	-5.10592e-08
19.06	-5.18696e-08
19.04	-5.27245e-08
19.02	-5.35905e-08
19	-5.44897e-08
18.98	-5.53779e-08
18.96	-5.63327e-08
18.94	-5.73097e-08
18.92	-5.82978e-08
18.9	-5.93303e-08
18.88	-6.03517e-08
18.86	-6.14286e-08
18.84	-6.25389e-08
18.82	-6.36602e-08
18.8	-6.48148e-08
18.78	-6.59917e-08
18.76	-6.72018e-08
18.74	-6.84341e-08
18.72	-6.97109e-08
18.7	-7.09988e-08
18.68	-7.2331e-08
18.66	-7.36855e-08
18.64	-7.50955e-08
18.62	-7.65277e-08
18.6	-7.79821e-08
18.58	-7.94698e-08
18.56	-8.09908e-08
18.54	-8.25673e-08
18.52	-8.41771e-08
18.5	-8.57869e-08
18.48	-8.74856e-08
18.46	-8.91953e-08
18.44	-9.09384e-08
18.42	-9.27369e-08
18.4	-9.45577e-08
18.38	-9.6434e-08
18.36	-9.83325e-08
18.34	-1.00298e-07
18.32	-1.0234e-07
18.3	-1.04383e-07
18.28	-1.06459e-07
18.26	-1.08602e-07
18.24	-1.10767e-07
18.22	-1.12998e-07
18.2	-1.15286e-07
18.18	-1.17639e-07
18.16	-1.20004e-07
18.14	-1.22435e-07
18.12	-1.24944e-07
18.1	-1.27487e-07
18.08	-1.30085e-07
18.06	-1.32749e-07
18.04	-1.35447e-07
18.02	-1.38212e-07
18	-1.41054e-07
17.98	-1.43929e-07
17.96	-1.46916e-07
17.94	-1.49936e-07
17.92	-1.53011e-07
17.9	-1.56186e-07
17.88	-1.59395e-07
17.86	-1.62648e-07
17.84	-1.66023e-07
17.82	-1.69431e-07
17.8	-1.72962e-07
17.78	-1.76525e-07
17.76	-1.80167e-07
17.74	-1.83908e-07
17.72	-1.87728e-07
17.7	-1.91602e-07
17.68	-1.95588e-07
17.66	-1.99651e-07
17.64	-2.03781e-07
17.62	-2.08e-07
17.6	-2.1233e-07
17.58	-2.16738e-07
17.56	-2.21234e-07
17.54	-2.25819e-07
17.52	-2.30527e-07
17.5	-2.35312e-07
17.48	-2.40208e-07
17.46	-2.45193e-07
17.44	-2.50289e-07
17.42	-2.55496e-07
17.4	-2.60814e-07
17.38	-2.6622e-07
17.36	-2.71771e-07
17.34	-2.774e-07
17.32	-2.83185e-07
17.3	-2.8908e-07
17.28	-2.95097e-07
17.26	-3.01237e-07
17.24	-3.07487e-07
17.22	-3.13882e-07
17.2	-3.2041e-07
17.18	-3.27083e-07
17.16	-3.33888e-07
17.14	-3.40805e-07
17.12	-3.47911e-07
17.1	-3.55116e-07
17.08	-3.6251e-07
17.06	-3.70026e-07
17.04	-3.77731e-07
17.02	-3.85558e-07
17	-3.93574e-07
16.98	-4.01745e-07
16.96	-4.10094e-07
16.94	-4.18598e-07
16.92	-4.27292e-07
16.9	-4.36184e-07
16.88	-4.45211e-07
16.86	-4.54436e-07
16.84	-4.63884e-07
16.82	-4.7351e-07
16.8	-4.83313e-07
16.78	-4.93339e-07
16.76	-5.03564e-07
16.74	-5.14011e-07
16.72	-5.24658e-07
16.7	-5.35516e-07
16.68	-5.46618e-07
16.66	-5.57943e-07
16.64	-5.69467e-07
16.62	-5.81235e-07
16.6	-5.93281e-07
16.58	-6.05549e-07
16.56	-6.18072e-07
16.54	-6.30862e-07
16.52	-6.43907e-07
16.5	-6.57208e-07
16.48	-6.70786e-07
16.46	-6.8463e-07
16.44	-6.98797e-07
16.42	-7.13207e-07
16.4	-7.2794e-07
16.38	-7.42961e-07
16.36	-7.58282e-07
16.34	-7.73914e-07
16.32	-7.89879e-07
16.3	-8.06177e-07
16.28	-8.22808e-07
16.26	-8.3975e-07
16.24	-8.5707e-07
16.22	-8.74711e-07
16.2	-8.9273e-07
16.18	-9.11093e-07
16.16	-9.29867e-07
16.14	-9.49008e-07
16.12	-9.68559e-07
16.1	-9.88465e-07
16.08	-1.00879e-06
16.06	-1.02954e-06
16.04	-1.05072e-06
16.02	-1.07232e-06
16	-1.09434e-06
15.98	-1.11685e-06
15.96	-1.13979e-06
15.94	-1.16319e-06
15.92	-1.18708e-06
15.9	-1.21146e-06
15.88	-1.23631e-06
15.86	-1.26169e-06
15.84	-1.28759e-06
15.82	-1.31399e-06
15.8	-1.34093e-06
15.78	-1.36843e-06
15.76	-1.39648e-06
15.74	-1.42513e-06
15.72	-1.45433e-06
15.7	-1.48412e-06
15.68	-1.51452e-06
15.66	-1.54554e-06
15.64	-1.57718e-06
15.62	-1.60948e-06
15.6	-1.64244e-06
15.58	-1.67604e-06
15.56	-1.71034e-06
15.54	-1.74534e-06
15.52	-1.78105e-06
15.5	-1.81747e-06
15.48	-1.85463e-06
15.46	-1.89256e-06
15.44	-1.93126e-06
15.42	-1.97072e-06
15.4	-2.01099e-06
15.38	-2.05208e-06
15.36	-2.094e-06
15.34	-2.13677e-06
15.32	-2.18041e-06
15.3	-2.22494e-06
15.28	-2.27037e-06
15.26	-2.31671e-06
15.24	-2.36399e-06
15.22	-2.41225e-06
15.2	-2.46144e-06
15.18	-2.51168e-06
15.16	-2.56291e-06
15.14	-2.6152e-06
15.12	-2.6685e-06
15.1	-2.72291e-06
15.08	-2.77843e-06
15.06	-2.83508e-06
15.04	-2.89284e-06
15.02	-2.95183e-06
15	-3.01196e-06
14.98	-3.07332e-06
14.96	-3.13592e-06
14.94	-3.19981e-06
14.92	-3.26498e-06
14.9	-3.33144e-06
14.88	-3.39928e-06
14.86	-3.46848e-06
14.84	-3.5391e-06
14.82	-3.61113e-06
14.8	-3.68464e-06
14.78	-3.7596e-06
14.76	-3.83612e-06
14.74	-3.91414e-06
14.72	-3.99378e-06
14.7	-4.07501e-06
14.68	-4.1579e-06
14.66	-4.24245e-06
14.64	-4.32873e-06
14.62	-4.41673e-06
14.6	-4.50652e-06
14.58	-4.59812e-06
14.56	-4.69158e-06
14.54	-4.78697e-06
14.52	-4.88425e-06
14.5	-4.98349e-06
14.48	-5.08473e-06
14.46	-5.18804e-06
14.44	-5.29345e-06
14.42	-5.40096e-06
14.4	-5.51068e-06
14.38	-5.6226e-06
14.36	-5.73679e-06
14.34	-5.85327e-06
14.32	-5.97212e-06
14.3	-6.09338e-06
14.28	-6.21708e-06
14.26	-6.34328e-06
14.24	-6.47205e-06
14.22	-6.60341e-06
14.2	-6.73744e-06
14.18	-6.87415e-06
14.16	-7.01366e-06
14.14	-7.15596e-06
14.12	-7.30115e-06
14.1	-7.44929e-06
14.08	-7.60039e-06
14.06	-7.75457e-06
14.04	-7.91187e-06
14.02	-8.07233e-06
14	-8.23608e-06
13.98	-8.4031e-06
13.96	-8.57349e-06
13.94	-8.74736e-06
13.92	-8.92472e-06
13.9	-9.10566e-06
13.88	-9.29027e-06
13.86	-9.4786e-06
13.84	-9.67074e-06
13.82	-9.86677e-06
13.8	-1.00668e-05
13.78	-1.02708e-05
13.76	-1.0479e-05
13.74	-1.06913e-05
13.72	-1.0908e-05
13.7	-1.1129e-05
13.68	-1.13545e-05
13.66	-1.15846e-05
13.64	-1.18193e-05
13.62	-1.20588e-05
13.6	-1.23031e-05
13.58	-1.25523e-05
13.56	-1.28066e-05
13.54	-1.3066e-05
13.52	-1.33307e-05
13.5	-1.36007e-05
13.48	-1.38761e-05
13.46	-1.41571e-05
13.44	-1.44438e-05
13.42	-1.47364e-05
13.4	-1.50348e-05
13.38	-1.53392e-05
13.36	-1.56498e-05
13.34	-1.59667e-05
13.32	-1.629e-05
13.3	-1.66198e-05
13.28	-1.69562e-05
13.26	-1.72995e-05
13.24	-1.76497e-05
13.22	-1.8007e-05
13.2	-1.83715e-05
13.18	-1.87434e-05
13.16	-1.91228e-05
13.14	-1.95098e-05
13.12	-1.99047e-05
13.1	-2.03075e-05
13.08	-2.07186e-05
13.06	-2.11379e-05
13.04	-2.15656e-05
13.02	-2.20021e-05
13	-2.24473e-05
12.98	-2.29015e-05
12.96	-2.33649e-05
12.94	-2.38377e-05
12.92	-2.432e-05
12.9	-2.48121e-05
12.88	-2.53141e-05
12.86	-2.58263e-05
12.84	-2.63488e-05
12.82	-2.68819e-05
12.8	-2.74257e-05
12.78	-2.79805e-05
12.76	-2.85465e-05
12.74	-2.9124e-05
12.72	-2.97132e-05
12.7	-3.03142e-05
12.68	-3.09274e-05
12.66	-3.1553e-05
12.64	-3.21912e-05
12.62	-3.28423e-05
12.6	-3.35066e-05
12.58	-3.41843e-05
12.56	-3.48756e-05
12.54	-3.5581e-05
12.52	-3.63006e-05
12.5	-3.70347e-05
12.48	-3.77837e-05
12.46	-3.85478e-05
12.44	-3.93273e-05
12.42	-4.01226e-05
12.4	-4.0934e-05
12.38	-4.17617e-05
12.36	-4.26062e-05
12.34	-4.34678e-05
12.32	-4.43467e-05
12.3	-4.52434e-05
12.28	-4.61582e-05
12.26	-4.70915e-05
12.24	-4.80437e-05
12.22	-4.90151e-05
12.2	-5.00061e-05
12.18	-5.10171e-05
12.16	-5.20486e-05
12.14	-5.31009e-05
12.12	-5.41745e-05
12.1	-5.52697e-05
12.08	-5.63871e-05
12.06	-5.75271e-05
12.04	-5.86901e-05
12.02	-5.98765e-05
12	-6.1087e-05
11.98	-6.23219e-05
11.96	-6.35818e-05
11.94	-6.48671e-05
11.92	-6.61784e-05
11.9	-6.75161e-05
11.88	-6.88809e-05
11.86	-7.02733e-05
11.84	-7.16938e-05
11.82	-7.3143e-05
11.8	-7.46215e-05
11.78	-7.61298e-05
11.76	-7.76686e-05
11.74	-7.92385e-05
11.72	-8.08401e-05
11.7	-8.24741e-05
11.68	-8.41411e-05
11.66	-8.58417e-05
11.64	-8.75767e-05
11.62	-8.93468e-05
11.6	-9.11526e-05
11.58	-9.29949e-05
11.56	-9.48744e-05
11.54	-9.67919e-05
11.52	-9.87482e-05
11.5	-0.000100744
11.48	-0.00010278
11.46	-0.000104857
11.44	-0.000106976
11.42	-0.000109138
11.4	-0.000111344
11.38	-0.000113594
11.36	-0.00011589
11.34	-0.000118232
11.32	-0.000120621
11.3	-0.000123059
11.28	-0.000125546
11.26	-0.000128083
11.24	-0.000130671
11.22	-0.000133312
11.2	-0.000136006
11.18	-0.000138754
11.16	-0.000141558
11.14	-0.000144419
11.12	-0.000147337
11.1	-0.000150314
11.08	-0.000153352
11.06	-0.000156451
11.04	-0.000159612
11.02	-0.000162837
11	-0.000166128
10.98	-0.000169485
10.96	-0.000172909
10.94	-0.000176403
10.92	-0.000179968
10.9	-0.000183604
10.88	-0.000187314
10.86	-0.000191099
10.84	-0.000194961
10.82	-0.0001989
10.8	-0.000202919
10.78	-0.000207019
10.76	-0.000211202
10.74	-0.000215469
10.72	-0.000219823
10.7	-0.000224265
10.68	-0.000228796
10.66	-0.000233419
10.64	-0.000238135
10.62	-0.000242946
10.6	-0.000247855
10.58	-0.000252863
10.56	-0.000257972
10.54	-0.000263184
10.52	-0.000268502
10.5	-0.000273927
10.48	-0.000279461
10.46	-0.000285108
10.44	-0.000290868
10.42	-0.000296745
10.4	-0.00030274
10.38	-0.000308857
10.36	-0.000315097
10.34	-0.000321463
10.32	-0.000327958
10.3	-0.000334583
10.28	-0.000341343
10.26	-0.000348239
10.24	-0.000355275
10.22	-0.000362453
10.2	-0.000369776
10.18	-0.000377246
10.16	-0.000384868
10.14	-0.000392643
10.12	-0.000400576
10.1	-0.000408669
10.08	-0.000416925
10.06	-0.000425348
10.04	-0.000433941
10.02	-0.000442708
10	-0.000451651
9.98	-0.000460776
9.96	-0.000470085
9.94	-0.000479581
9.92	-0.00048927
9.9	-0.000499154
9.88	-0.000509238
9.86	-0.000519526
9.84	-0.000530021
9.82	-0.000540729
9.8	-0.000551653
9.78	-0.000562797
9.76	-0.000574166
9.74	-0.000585765
9.72	-0.000597599
9.7	-0.000609671
9.68	-0.000621987
9.66	-0.000634552
9.64	-0.000647371
9.62	-0.000660449
9.6	-0.00067379
9.58	-0.000687402
9.56	-0.000701288
9.54	-0.000715455
9.52	-0.000729907
9.5	-0.000744652
9.48	-0.000759695
9.46	-0.000775041
9.44	-0.000790697
9.42	-0.00080667
9.4	-0.000822965
9.38	-0.000839589
9.36	-0.000856549
9.34	-0.000873851
9.32	-0.000891503
9.3	-0.000909511
9.28	-0.000927884
9.26	-0.000946627
9.24	-0.000965748
9.22	-0.000985256
9.2	-0.00100516
9.18	-0.00102546
9.16	-0.00104618
9.14	-0.00106731
9.12	-0.00108887
9.1	-0.00111086
9.08	-0.0011333
9.06	-0.00115619
9.04	-0.00117954
9.02	-0.00120337
9	-0.00122768
8.98	-0.00125247
8.96	-0.00127777
8.94	-0.00130358
8.92	-0.00132991
8.9	-0.00135677
8.88	-0.00138418
8.86	-0.00141214
8.84	-0.00144066
8.82	-0.00146976
8.8	-0.00149944
8.78	-0.00152973
8.76	-0.00156063
8.74	-0.00159215
8.72	-0.0016243
8.7	-0.00165711
8.68	-0.00169058
8.66	-0.00172472
8.64	-0.00175956
8.62	-0.0017951
8.6	-0.00183135
8.58	-0.00186834
8.56	-0.00190607
8.54	-0.00194457
8.52	-0.00198384
8.5	-0.00202391
8.48	-0.00206478
8.46	-0.00210648
8.44	-0.00214902
8.42	-0.00219243
8.4	-0.0022367
8.38	-0.00228187
8.36	-0.00232796
8.34	-0.00237497
8.32	-0.00242293
8.3	-0.00247186
8.28	-0.00252178
8.26	-0.00257271
8.24	-0.00262466
8.22	-0.00267766
8.2	-0.00273174
8.18	-0.0027869
8.16	-0.00284318
8.14	-0.00290059
8.12	-0.00295917
8.1	-0.00301892
8.08	-0.00307988
8.06	-0.00314207
8.04	-0.00320552
8.02	-0.00327025
8	-0.00333628
7.98	-0.00340365
7.96	-0.00347237
7.94	-0.00354248
7.92	-0.00361401
7.9	-0.00368698
7.88	-0.00376143
7.86	-0.00383737
7.84	-0.00391485
7.82	-0.00399389
7.8	-0.00407453
7.78	-0.00415679
7.76	-0.00424072
7.74	-0.00432634
7.72	-0.00441368
7.7	-0.00450279
7.68	-0.00459369
7.66	-0.00468643
7.64	-0.00478104
7.62	-0.00487756
7.6	-0.00497602
7.58	-0.00507647
7.56	-0.00517895
7.54	-0.0052835
7.52	-0.00539015
7.5	-0.00549895
7.48	-0.00560995
7.46	-0.00572319
7.44	-0.00583871
7.42	-0.00595657
7.4	-0.00607679
7.38	-0.00619945
7.36	-0.00632457
7.34	-0.00645222
7.32	-0.00658245
7.3	-0.0067153
7.28	-0.00685082
7.26	-0.00698908
7.24	-0.00713013
7.22	-0.00727402
7.2	-0.00742082
7.18	-0.00757057
7.16	-0.00772334
7.14	-0.00787919
7.12	-0.00803818
7.1	-0.00820037
7.08	-0.00836583
7.06	-0.00853463
7.04	-0.00870683
7.02	-0.0088825
7	-0.00906171
6.98	-0.00924453
6.96	-0.00943104
6.94	-0.0096213
6.92	-0.00981539
6.9	-0.0100134
6.88	-0.0102154
6.86	-0.0104215
6.84	-0.0106317
6.82	-0.0108461
6.8	-0.0110649
6.78	-0.011288
6.76	-0.0115157
6.74	-0.011748
6.72	-0.0119849
6.7	-0.0122266
6.68	-0.0124731
6.66	-0.0127247
6.64	-0.0129812
6.62	-0.013243
6.6	-0.01351
6.58	-0.0137824
6.56	-0.0140603
6.54	-0.0143437
6.52	-0.0146329
6.5	-0.0149279
6.48	-0.0152288
6.46	-0.0155357
6.44	-0.0158489
6.42	-0.0161683
6.4	-0.0164942
6.38	-0.0168266
6.36	-0.0171657
6.34	-0.0175116
6.32	-0.0178645
6.3	-0.0182244
6.28	-0.0185916
6.26	-0.0189662
6.24	-0.0193483
6.22	-0.0197381
6.2	-0.0201357
6.18	-0.0205412
6.16	-0.020955
6.14	-0.021377
6.12	-0.0218075
6.1	-0.0222467
6.08	-0.0226947
6.06	-0.0231516
6.04	-0.0236177
6.02	-0.0240932
6	-0.0245783
5.98	-0.025073
5.96	-0.0255777
5.94	-0.0260925
5.92	-0.0266176
5.9	-0.0271532
5.88	-0.0276996
5.86	-0.028257
5.84	-0.0288255
5.82	-0.0294053
5.8	-0.0299969
5.78	-0.0306002
5.76	-0.0312156
5.74	-0.0318434
5.72	-0.0324837
5.7	-0.0331369
5.68	-0.0338031
5.66	-0.0344826
5.64	-0.0351757
5.62	-0.0358827
5.6	-0.0366038
5.58	-0.0373394
5.56	-0.0380896
5.54	-0.0388548
5.52	-0.0396353
5.5	-0.0404315
5.48	-0.0412434
5.46	-0.0420717
5.44	-0.0429164
5.42	-0.043778
5.4	-0.0446568
5.38	-0.0455531
5.36	-0.0464673
5.34	-0.0473997
5.32	-0.0483506
5.3	-0.0493206
5.28	-0.0503098
5.26	-0.0513187
5.24	-0.0523478
5.22	-0.0533972
5.2	-0.0544676
5.18	-0.0555593
5.16	-0.0566726
5.14	-0.0578081
5.12	-0.0589662
5.1	-0.0601472
5.08	-0.0613517
5.06	-0.0625801
5.04	-0.0638328
5.02	-0.0651105
5	-0.0664134
4.98	-0.0677421
4.96	-0.0690972
4.94	-0.0704791
4.92	-0.0718884
4.9	-0.0733255
4.88	-0.0747911
4.86	-0.0762856
4.84	-0.0778097
4.82	-0.0793639
4.8	-0.0809487
4.78	-0.0825648
4.76	-0.0842128
4.74	-0.0858933
4.72	-0.0876069
4.7	-0.0893542
4.68	-0.091136
4.66	-0.0929527
4.64	-0.0948052
4.62	-0.0966942
4.6	-0.0986202
4.58	-0.100584
4.56	-0.102586
4.54	-0.104628
4.52	-0.10671
4.5	-0.108832
4.48	-0.110996
4.46	-0.113202
4.44	-0.115451
4.42	-0.117745
4.4	-0.120083
4.38	-0.122466
4.36	-0.124896
4.34	-0.127374
4.32	-0.129899
4.3	-0.132474
4.28	-0.135099
4.26	-0.137775
4.24	-0.140502
4.22	-0.143283
4.2	-0.146117
4.18	-0.149006
4.16	-0.151951
4.14	-0.154953
4.12	-0.158013
4.1	-0.161132
4.08	-0.164311
4.06	-0.167551
4.04	-0.170854
4.02	-0.174219
4	-0.17765
3.98	-0.181146
3.96	-0.184709
3.94	-0.18834
3.92	-0.192041
3.9	-0.195812
3.88	-0.199656
3.86	-0.203572
3.84	-0.207563
3.82	-0.211629
3.8	-0.215773
3.78	-0.219995
3.76	-0.224297
3.74	-0.22868
3.72	-0.233146
3.7	-0.237696
3.68	-0.242332
3.66	-0.247055
3.64	-0.251866
3.62	-0.256767
3.6	-0.261761
3.58	-0.266847
3.56	-0.272028
3.54	-0.277305
3.52	-0.282681
3.5	-0.288156
3.48	-0.293733
3.46	-0.299412
3.44	-0.305197
3.42	-0.311088
3.4	-0.317087
3.38	-0.323196
3.36	-0.329417
3.34	-0.335751
3.32	-0.342201
3.3	-0.348769
3.28	-0.355455
3.26	-0.362263
3.24	-0.369193
3.22	-0.376249
3.2	-0.383431
3.18	-0.390743
3.16	-0.398185
3.14	-0.40576
3.12	-0.413469
3.1	-0.421316
3.08	-0.429302
3.06	-0.437429
3.04	-0.445698
3.02	-0.454114
3	-0.462676
2.98	-0.471388
2.96	-0.480252
2.94	-0.489269
2.92	-0.498443
2.9	-0.507774
2.88	-0.517266
2.86	-0.526921
2.84	-0.53674
2.82	-0.546726
2.8	-0.556882
2.78	-0.567209
2.76	-0.577709
2.74	-0.588386
2.72	-0.59924
2.7	-0.610276
2.68	-0.621493
2.66	-0.632896
2.64	-0.644486
2.62	-0.656265
2.6	-0.668236
2.58	-0.6804
2.56	-0.692761
2.54	-0.70532
2.52	-0.718079
2.5	-0.731041
2.48	-0.744208
2.46	-0.757581
2.44	-0.771164
2.42	-0.784957
2.4	-0.798964
2.38	-0.813186
2.36	-0.827625
2.34	-0.842284
2.32	-0.857164
2.3	-0.872266
2.28	-0.887594
2.26	-0.903149
2.24	-0.918932
2.22	-0.934946
2.2	-0.951191
2.18	-0.967671
2.16	-0.984385
2.14	-1.00134
2.12	-1.01853
2.1	-1.03596
2.08	-1.05363
2.06	-1.07154
2.04	-1.0897
2.02	-1.1081
2	-1.12674
1.98	-1.14564
1.96	-1.16478
1.94	-1.18417
1.92	-1.2038
1.9	-1.22369
1.88	-1.24383
1.86	-1.26422
1.84	-1.28486
1.82	-1.30575
1.8	-1.32689
1.78	-1.34828
1.76	-1.36992
1.74	-1.39181
1.72	-1.41396
1.7	-1.43635
1.68	-1.45899
1.66	-1.48187
1.64	-1.50501
1.62	-1.52839
1.6	-1.55201
1.58	-1.57588
1.56	-1.59999
1.54	-1.62434
1.52	-1.64892
1.5	-1.67374
1.48	-1.69879
1.46	-1.72408
1.44	-1.74959
1.42	-1.77532
1.4	-1.80128
1.38	-1.82746
1.36	-1.85385
1.34	-1.88046
1.32	-1.90727
1.3	-1.93429
1.28	-1.9615
1.26	-1.98892
1.24	-2.01652
1.22	-2.04431
1.2	-2.07228
1.18	-2.10043
1.16	-2.12875
1.14	-2.15723
1.12	-2.18588
1.1	-2.21468
1.08	-2.24362
1.06	-2.27271
1.04	-2.30193
1.02	-2.33129
1	-2.36076
0.98	-2.39034
0.96	-2.42004
0.94	-2.44983
0.92	-2.47972
0.9	-2.50968
0.88	-2.53973
0.86	-2.56984
0.84	-2.60001
0.82	-2.63024
0.8	-2.6605
0.78	-2.6908
0.76	-2.72112
0.74	-2.75146
0.72	-2.78181
0.7	-2.81215
0.68	-2.84248
0.66	-2.87279
0.64	-2.90306
0.62	-2.9333
0.6	-2.96348
0.58	-2.9936
0.56	-3.02365
0.54	-3.05362
0.52	-3.0835
0.5	-3.11328
0.48	-3.14294
0.46	-3.17248
0.44	-3.20189
0.42	-3.23116
0.4	-3.26027
0.38	-3.28922
0.36	-3.318
0.34	-3.34659
0.32	-3.37499
0.3	-3.40319
0.28	-3.43117
0.26	-3.45893
0.24	-3.48645
0.22	-3.51373
0.2	-3.54076
0.18	-3.56753
0.16	-3.59402
0.14	-3.62023
0.12	-3.64615
0.1	-3.67178
0.08	-3.69709
0.06	-3.72209
0.04	-3.74676
0.02	-3.7711
3.37778e-13	-3.7951
-0.02	-3.81874
-0.04	-3.84203
-0.06	-3.86496
-0.08	-3.88751
-0.1	-3.90969
-0.12	-3.93148
-0.14	-3.95288
-0.16	-3.97388
-0.18	-3.99448
-0.2	-4.01467
-0.22	-4.03444
-0.24	-4.05379
-0.26	-4.07272
-0.28	-4.09122
-0.3	-4.10929
-0.32	-4.12692
-0.34	-4.1441
-0.36	-4.16085
-0.38	-4.17714
-0.4	-4.19299
-0.42	-4.20838
-0.44	-4.22331
-0.46	-4.23779
-0.48	-4.25182
-0.5	-4.26538
-0.52	-4.27848
-0.54	-4.29112
-0.56	-4.30329
-0.58	-4.31501
-0.6	-4.32626
-0.62	-4.33705
-0.64	-4.34738
-0.66	-4.35725
-0.68	-4.36666
-0.7	-4.37561
-0.72	-4.38411
-0.74	-4.39215
-0.76	-4.39974
-0.78	-4.40688
-0.8	-4.41358
-0.82	-4.41983
-0.84	-4.42564
-0.86	-4.43101
-0.88	-4.43595
-0.9	-4.44046
-0.92	-4.44454
-0.94	-4.4482
-0.96	-4.45145
-0.98	-4.45428
-1	-4.4567
-1.02	-4.45872
-1.04	-4.46033
-1.06	-4.46156
-1.08	-4.4624
-1.1	-4.46285
-1.12	-4.46292
-1.14	-4.46262
-1.16	-4.46196
-1.18	-4.46093
-1.2	-4.45955
-1.22	-4.45782
-1.24	-4.45575
-1.26	-4.45334
-1.28	-4.45059
-1.3	-4.44753
-1.32	-4.44414
-1.34	-4.44044
-1.36	-4.43644
-1.38	-4.43213
-1.4	-4.42753
-1.42	-4.42265
-1.44	-4.41748
-1.46	-4.41204
-1.48	-4.40633
-1.5	-4.40036
-1.52	-4.39414
-1.54	-4.38766
-1.56	-4.38095
-1.58	-4.37399
-1.6	-4.36681
-1.62	-4.35941
-1.64	-4.35178
-1.66	-4.34395
-1.68	-4.33591
-1.7	-4.32767
-1.72	-4.31924
-1.74	-4.31062
-1.76	-4.30182
-1.78	-4.29284
-1.8	-4.2837
-1.82	-4.27439
-1.84	-4.26492
-1.86	-4.2553
-1.88	-4.24554
-1.9	-4.23563
-1.92	-4.22559
-1.94	-4.21541
-1.96	-4.20512
-1.98	-4.1947
-2	-4.18416
-2.02	-4.17352
-2.04	-4.16277
-2.06	-4.15192
-2.08	-4.14097
-2.1	-4.12993
-2.12	-4.11881
-2.14	-4.1076
-2.16	-4.09632
-2.18	-4.08496
-2.2	-4.07354
-2.22	-4.06204
-2.24	-4.05049
-2.26	-4.03888
-2.28	-4.02722
-2.3	-4.01551
-2.32	-4.00375
-2.34	-3.99195
-2.36	-3.98011
-2.38	-3.96824
-2.4	-3.95634
-2.42	-3.9444
-2.44	-3.93245
-2.46	-3.92047
-2.48	-3.90847
-2.5	-3.89645
-2.52	-3.88442
-2.54	-3.87239
-2.56	-3.86034
-2.58	-3.84829
-2.6	-3.83624
-2.62	-3.82418
-2.64	-3.81213
-2.66	-3.80009
-2.68	-3.78805
-2.7	-3.77602
-2.72	-3.764
-2.74	-3.752
-2.76	-3.74001
-2.78	-3.72804
-2.8	-3.71609
-2.82	-3.70416
-2.84	-3.69226
-2.86	-3.68038
-2.88	-3.66852
-2.9	-3.6567
-2.92	-3.6449
-2.94	-3.63314
-2.96	-3.6214
-2.98	-3.60971
-3	-3.59804
-3.02	-3.58642
-3.04	-3.57483
-3.06	-3.56328
-3.08	-3.55177
-3.1	-3.5403
-3.12	-3.52887
-3.14	-3.51749
-3.16	-3.50615
-3.18	-3.49485
-3.2	-3.4836
-3.22	-3.4724
-3.24	-3.46125
-3.26	-3.45014
-3.28	-3.43908
-3.3	-3.42807
-3.32	-3.41712
-3.34	-3.40621
-3.36	-3.39535
-3.38	-3.38455
-3.4	-3.3738
-3.42	-3.3631
-3.44	-3.35245
-3.46	-3.34186
-3.48	-3.33132
-3.5	-3.32084
-3.52	-3.31041
-3.54	-3.30003
-3.56	-3.28972
-3.58	-3.27945
-3.6	-3.26925
-3.62	-3.25909
-3.64	-3.249
-3.66	-3.23896
-3.68	-3.22898
-3.7	-3.21905
-3.72	-3.20918
-3.74	-3.19937
-3.76	-3.18961
-3.78	-3.17991
-3.8	-3.17027
-3.82	-3.16068
-3.84	-3.15115
-3.86	-3.14168
-3.88	-3.13227
-3.9	-3.12291
-3.92	-3.11361
-3.94	-3.10436
-3.96	-3.09517
-3.98	-3.08604
-4	-3.07697
-4.02	-3.06795
-4.04	-3.05898
-4.06	-3.05008
-4.08	-3.04122
-4.1	-3.03243
-4.12	-3.02369
-4.14	-3.015
-4.16	-3.00637
-4.18	-2.9978
-4.2	-2.98928
-4.22	-2.98081
-4.24	-2.9724
-4.26	-2.96404
-4.28	-2.95573
-4.3	-2.94748
-4.32	-2.93928
-4.34	-2.93114
-4.36	-2.92305
-4.38	-2.91501
-4.4	-2.90702
-4.42	-2.89909
-4.44	-2.8912
-4.46	-2.88337
-4.48	-2.87559
-4.5	-2.86786
-4.52	-2.86018
-4.54	-2.85255
-4.56	-2.84497
-4.58	-2.83744
-4.6	-2.82996
-4.62	-2.82253
-4.64	-2.81514
-4.66	-2.80781
-4.68	-2.80052
-4.7	-2.79328
-4.72	-2.78609
-4.74	-2.77895
-4.76	-2.77185
-4.78	-2.7648
-4.8	-2.7578
-4.82	-2.75084
-4.84	-2.74393
-4.86	-2.73706
-4.88	-2.73024
-4.9	-2.72346
-4.92	-2.71673
-4.94	-2.71004
-4.96	-2.70339
-4.98	-2.69679
-5	-2.69023
-5.02	-2.68372
-5.04	-2.67724
-5.06	-2.67081
-5.08	-2.66442
-5.1	-2.65807
-5.12	-2.65177
-5.14	-2.6455
-5.16	-2.63927
-5.18	-2.63309
-5.2	-2.62694
-5.22	-2.62084
-5.24	-2.61477
-5.26	-2.60874
-5.28	-2.60275
-5.3	-2.5968
-5.32	-2.59089
-5.34	-2.58502
-5.36	-2.57918
-5.38	-2.57338
-5.4	-2.56762
-5.42	-2.56189
-5.44	-2.5562
-5.46	-2.55055
-5.48	-2.54493
-5.5	-2.53934
-5.52	-2.5338
-5.54	-2.52828
-5.56	-2.5228
-5.58	-2.51736
-5.6	-2.51195
-5.62	-2.50657
-5.64	-2.50123
-5.66	-2.49592
-5.68	-2.49064
-5.7	-2.4854
-5.72	-2.48018
-5.74	-2.475
-5.76	-2.46986
-5.78	-2.46474
-5.8	-2.45965
-5.82	-2.4546
-5.84	-2.44957
-5.86	-2.44458
-5.88	-2.43962
-5.9	-2.43468
-5.92	-2.42978
-5.94	-2.42491
-5.96	-2.42006
-5.98	-2.41525
-6	-2.41046
-6.02	-2.4057
-6.04	-2.40097
-6.06	-2.39627
-6.08	-2.39159
-6.1	-2.38695
-6.12	-2.38233
-6.14	-2.37774
-6.16	-2.37317
-6.18	-2.36863
-6.2	-2.36412
-6.22	-2.35963
-6.24	-2.35517
-6.26	-2.35074
-6.28	-2.34633
-6.3	-2.34194
-6.32	-2.33759
-6.34	-2.33325
-6.36	-2.32894
-6.38	-2.32466
-6.4	-2.3204
-6.42	-2.31616
-6.44	-2.31195
-6.46	-2.30776
-6.48	-2.30359
-6.5	-2.29945
-6.52	-2.29533
-6.54	-2.29124
-6.56	-2.28716
-6.58	-2.28311
-6.6	-2.27908
-6.62	-2.27508
-6.64	-2.27109
-6.66	-2.26713
-6.68	-2.26319
-6.7	-2.25927
-6.72	-2.25537
-6.74	-2.25149
-6.76	-2.24763
-6.78	-2.2438
-6.8	-2.23998
-6.82	-2.23619
-6.84	-2.23241
-6.86	-2.22866
-6.88	-2.22492
-6.9	-2.22121
-6.92	-2.21751
-6.94	-2.21383
-6.96	-2.21018
-6.98	-2.20654
-7	-2.20292
-7.02	-2.19932
-7.04	-2.19573
-7.06	-2.19217
-7.08	-2.18862
-7.1	-2.1851
-7.12	-2.18159
-7.14	-2.1781
-7.16	-2.17462
-7.18	-2.17117
-7.2	-2.16773
-7.22	-2.1643
-7.24	-2.1609
-7.26	-2.15751
-7.28	-2.15414
-7.3	-2.15079
-7.32	-2.14745
-7.34	-2.14413
-7.36	-2.14083
-7.38	-2.13754
-7.4	-2.13426
-7.42	-2.13101
-7.44	-2.12777
-7.46	-2.12454
-7.48	-2.12133
-7.5	-2.11814
-7.52	-2.11496
-7.54	-2.1118
-7.56	-2.10865
-7.58	-2.10552
-7.6	-2.1024
-7.62	-2.09929
-7.64	-2.0962
-7.66	-2.09313
-7.68	-2.09007
-7.7	-2.08702
-7.72	-2.08399
-7.74	-2.08097
-7.76	-2.07797
-7.78	-2.07498
-7.8	-2.072
-7.82	-2.06904
-7.84	-2.06609
-7.86	-2.06316
-7.88	-2.06023
-7.9	-2.05733
-7.92	-2.05443
-7.94	-2.05155
-7.96	-2.04868
-7.98	-2.04582
-8	-2.04298
-8.02	-2.04014
-8.04	-2.03732
-8.06	-2.03452
-8.08	-2.03172
-8.1	-2.02894
-8.12	-2.02617
-8.14	-2.02341
-8.16	-2.02067
-8.18	-2.01793
-8.2	-2.01521
-8.22	-2.0125
-8.24	-2.0098
-8.26	-2.00712
-8.28	-2.00444
-8.3	-2.00178
-8.32	-1.99912
-8.34	-1.99648
-8.36	-1.99385
-8.38	-1.99123
-8.4	-1.98862
-8.42	-1.98603
-8.44	-1.98344
-8.46	-1.98086
-8.48	-1.9783
-8.5	-1.97575
-8.52	-1.9732
-8.54	-1.97067
-8.56	-1.96814
-8.58	-1.96563
-8.6	-1.96313
-8.62	-1.96064
-8.64	-1.95815
-8.66	-1.95568
-8.68	-1.95322
-8.7	-1.95077
-8.72	-1.94833
-8.74	-1.94589
-8.76	-1.94347
-8.78	-1.94106
-8.8	-1.93865
-8.82	-1.93626
-8.84	-1.93387
-8.86	-1.9315
-8.88	-1.92913
-8.9	-1.92678
-8.92	-1.92443
-8.94	-1.92209
-8.96	-1.91976
-8.98	-1.91744
-9	-1.91513
-9.02	-1.91282
-9.04	-1.91053
-9.06	-1.90824
-9.08	-1.90597
-9.1	-1.9037
-9.12	-1.90144
-9.14	-1.89919
-9.16	-1.89695
-9.18	-1.89471
-9.2	-1.89249
-9.22	-1.89027
-9.24	-1.88806
-9.26	-1.88586
-9.28	-1.88367
-9.3	-1.88149
-9.32	-1.87931
-9.34	-1.87714
-9.36	-1.87498
-9.38	-1.87283
-9.4	-1.87068
-9.42	-1.86855
-9.44	-1.86642
-9.46	-1.8643
-9.48	-1.86218
-9.5	-1.86008
-9.52	-1.85798
-9.54	-1.85589
-9.56	-1.8538
-9.58	-1.85173
-9.6	-1.84966
-9.62	-1.8476
-9.64	-1.84554
-9.66	-1.8435
-9.68	-1.84146
-9.7	-1.83942
-9.72	-1.8374
-9.74	-1.83538
-9.76	-1.83337
-9.78	-1.83136
-9.8	-1.82937
-9.82	-1.82737
-9.84	-1.82539
-9.86	-1.82341
-9.88	-1.82144
-9.9	-1.81948
-9.92	-1.81752
-9.94	-1.81557
-9.96	-1.81363
-9.98	-1.81169
-10	-1.80976
-10.02	-1.80784
-10.04	-1.80592
-10.06	-1.80401
-10.08	-1.80211
-10.1	-1.80021
-10.12	-1.79831
-10.14	-1.79643
-10.16	-1.79455
-10.18	-1.79268
-10.2	-1.79081
-10.22	-1.78895
-10.24	-1.78709
-10.26	-1.78524
-10.28	-1.7834
-10.3	-1.78156
-10.32	-1.77973
-10.34	-1.77791
-10.36	-1.77609
-10.38	-1.77428
-10.4	-1.77247
-10.42	-1.77067
-10.44	-1.76887
-10.46	-1.76708
-10.48	-1.7653
-10.5	-1.76352
-10.52	-1.76174
-10.54	-1.75998
-10.56	-1.75821
-10.58	-1.75646
-10.6	-1.75471
-10.62	-1.75296
-10.64	-1.75122
-10.66	-1.74949
-10.68	-1.74776
-10.7	-1.74603
-10.72	-1.74431
-10.74	-1.7426
-10.76	-1.74089
-10.78	-1.73919
-10.8	-1.73749
-10.82	-1.7358
-10.84	-1.73411
-10.86	-1.73243
-10.88	-1.73075
-10.9	-1.72908
-10.92	-1.72742
-10.94	-1.72575
-10.96	-1.7241
-10.98	-1.72244
-11	-1.7208
-11.02	-1.71916
-11.04	-1.71752
-11.06	-1.71589
-11.08	-1.71426
-11.1	-1.71264
-11.12	-1.71102
-11.14	-1.70941
-11.16	-1.7078
-11.18	-1.70619
-11.2	-1.7046
-11.22	-1.703
-11.24	-1.70141
-11.26	-1.69983
-11.28	-1.69825
-11.3	-1.69667
-11.32	-1.6951
-11.34	-1.69353
-11.36	-1.69197
-11.38	-1.69041
-11.4	-1.68886
-11.42	-1.68731
-11.44	-1.68577
-11.46	-1.68423
-11.48	-1.68269
-11.5	-1.68116
-11.52	-1.67963
-11.54	-1.67811
-11.56	-1.67659
-11.58	-1.67508
-11.6	-1.67357
-11.62	-1.67206
-11.64	-1.67056
-11.66	-1.66907
-11.68	-1.66757
-11.7	-1.66608
-11.72	-1.6646
-11.74	-1.66312
-11.76	-1.66164
-11.78	-1.66017
-11.8	-1.6587
-11.82	-1.65724
-11.84	-1.65578
-11.86	-1.65432
-11.88	-1.65287
-11.9	-1.65142
-11.92	-1.64998
-11.94	-1.64854
-11.96	-1.6471
-11.98	-1.64567
-12	-1.64424
-12.02	-1.64281
-12.04	-1.64139
-12.06	-1.63998
-12.08	-1.63856
-12.1	-1.63715
-12.12	-1.63575
-12.14	-1.63434
-12.16	-1.63295
-12.18	-1.63155
-12.2	-1.63016
-12.22	-1.62877
-12.24	-1.62739
-12.26	-1.62601
-12.28	-1.62463
-12.3	-1.62326
-12.32	-1.62189
-12.34	-1.62052
-12.36	-1.61916
-12.38	-1.6178
-12.4	-1.61645
-12.42	-1.6151
-12.44	-1.61375
-12.46	-1.6124
-12.48	-1.61106
-12.5	-1.60972
-12.52	-1.60839
-12.54	-1.60706
-12.56	-1.60573
-12.58	-1.60441
-12.6	-1.60309
-12.62	-1.60177
-12.64	-1.60045
-12.66	-1.59914
-12.68	-1.59784
-12.7	-1.59653
-12.72	-1.59523
-12.74	-1.59393
-12.76	-1.59264
-12.78	-1.59135
-12.8	-1.59006
-12.82	-1.58877
-12.84	-1.58749
-12.86	-1.58622
-12.88	-1.58494
-12.9	-1.58367
-12.92	-1.5824
-12.94	-1.58113
-12.96	-1.57987
-12.98	-1.57861
-13	-1.57736
-13.02	-1.5761
-13.04	-1.57485
-13.06	-1.5736
-13.08	-1.57236
-13.1	-1.57112
-13.12	-1.56988
-13.14	-1.56865
-13.16	-1.56741
-13.18	-1.56618
-13.2	-1.56496
-13.22	-1.56374
-13.24	-1.56252
-13.26	-1.5613
-13.28	-1.56008
-13.3	-1.55887
-13.32	-1.55766
-13.34	-1.55646
-13.36	-1.55525
-13.38	-1.55405
-13.4	-1.55286
-13.42	-1.55166
-13.44	-1.55047
-13.46	-1.54928
-13.48	-1.5481
-13.5	-1.54691
-13.52	-1.54573
-13.54	-1.54456
-13.56	-1.54338
-13.58	-1.54221
-13.6	-1.54104
-13.62	-1.53987
-13.64	-1.53871
-13.66	-1.53755
-13.68	-1.53639
-13.7	-1.53523
-13.72	-1.53408
-13.74	-1.53293
-13.76	-1.53178
-13.78	-1.53064
-13.8	-1.52949
-13.82	-1.52835
-13.84	-1.52722
-13.86	-1.52608
-13.88	-1.52495
-13.9	-1.52382
-13.92	-1.52269
-13.94	-1.52157
-13.96	-1.52045
-13.98	-1.51933
-14	-1.51821
-14.02	-1.5171
-14.04	-1.51598
-14.06	-1.51487
-14.08	-1.51377
-14.1	-1.51266
-14.12	-1.51156
-14.14	-1.51046
-14.16	-1.50936
-14.18	-1.50827
-14.2	-1.50718
-14.22	-1.50609
-14.24	-1.505
-14.26	-1.50392
-14.28	-1.50283
-14.3	-1.50175
-14.32	-1.50067
-14.34	-1.4996
-14.36	-1.49853
-14.38	-1.49746
-14.4	-1.49639
-14.42	-1.49532
-14.44	-1.49426
-14.46	-1.4932
-14.48	-1.49214
-14.5	-1.49108
-14.52	-1.49003
-14.54	-1.48897
-14.56	-1.48792
-14.58	-1.48688
-14.6	-1.48583
-14.62	-1.48479
-14.64	-1.48375
-14.66	-1.48271
-14.68	-1.48167
-14.7	-1.48064
-14.72	-1.4796
-14.74	-1.47857
-14.76	-1.47755
-14.78	-1.47652
-14.8	-1.4755
-14.82	-1.47448
-14.84	-1.47346
-14.86	-1.47244
-14.88	-1.47143
-14.9	-1.47041
-14.92	-1.4694
-14.94	-1.46839
-14.96	-1.46739
-14.98	-1.46638
-15	-1.46538
-15.02	-1.46438
-15.04	-1.46338
-15.06	-1.46239
-15.08	-1.4614
-15.1	-1.4604
-15.12	-1.45941
-15.14	-1.45843
-15.16	-1.45744
-15.18	-1.45646
-15.2	-1.45548
-15.22	-1.4545
-15.24	-1.45352
-15.26	-1.45254
-15.28	-1.45157
-15.3	-1.4506
-15.32	-1.44963
-15.34	-1.44866
-15.36	-1.4477
-15.38	-1.44673
-15.4	-1.44577
-15.42	-1.44481
-15.44	-1.44385
-15.46	-1.4429
-15.48	-1.44194
-15.5	-1.44099
-15.52	-1.44004
-15.54	-1.43909
-15.56	-1.43815
-15.58	-1.4372
-15.6	-1.43626
-15.62	-1.43532
-15.64	-1.43438
-15.66	-1.43345
-15.68	-1.43251
-15.7	-1.43158
-15.72	-1.43065
-15.74	-1.42972
-15.76	-1.42879
-15.78	-1.42786
-15.8	-1.42694
-15.82	-1.42602
-15.84	-1.4251
-15.86	-1.42418
-15.88	-1.42326
-15.9	-1.42235
-15.92	-1.42143
-15.94	-1.42052
-15.96	-1.41961
-15.98	-1.41871
-16	-1.4178
-16.02	-1.4169
-16.04	-1.41599
-16.06	-1.41509
-16.08	-1.41419
-16.1	-1.4133
-16.12	-1.4124
-16.14	-1.41151
-16.16	-1.41062
-16.18	-1.40973
-16.2	-1.40884
-16.22	-1.40795
-16.24	-1.40706
-16.26	-1.40618
-16.28	-1.4053
-16.3	-1.40442
-16.32	-1.40354
-16.34	-1.40266
-16.36	-1.40179
-16.38	-1.40092
-16.4	-1.40004
-16.42	-1.39917
-16.44	-1.39831
-16.46	-1.39744
-16.48	-1.39657
-16.5	-1.39571
-16.52	-1.39485
-16.54	-1.39399
-16.56	-1.39313
-16.58	-1.39227
-16.6	-1.39142
-16.62	-1.39056
-16.64	-1.38971
-16.66	-1.38886
-16.68	-1.38801
-16.7	-1.38716
-16.72	-1.38632
-16.74	-1.38547
-16.76	-1.38463
-16.78	-1.38379
-16.8	-1.38295
-16.82	-1.38211
-16.84	-1.38127
-16.86	-1.38044
-16.88	-1.3796
-16.9	-1.37877
-16.92	-1.37794
-16.94	-1.37711
-16.96	-1.37628
-16.98	-1.37546
-17	-1.37463
-17.02	-1.37381
-17.04	-1.37299
-17.06	-1.37217
-17.08	-1.37135
-17.1	-1.37053
-17.12	-1.36972
-17.14	-1.3689
-17.16	-1.36809
-17.18	-1.36728
-17.2	-1.36647
-17.22	-1.36566
-17.24	-1.36486
-17.26	-1.36405
-17.28	-1.36325
-17.3	-1.36244
-17.32	-1.36164
-17.34	-1.36084
-17.36	-1.36005
-17.38	-1.35925
-17.4	-1.35845
-17.42	-1.35766
-17.44	-1.35687
-17.46	-1.35608
-17.48	-1.35529
-17.5	-1.3545
-17.52	-1.35371
-17.54	-1.35293
-17.56	-1.35214
-17.58	-1.35136
-17.6	-1.35058
-17.62	-1.3498
-17.64	-1.34902
-17.66	-1.34824
-17.68	-1.34747
-17.7	-1.34669
-17.72	-1.34592
-17.74	-1.34515
-17.76	-1.34438
-17.78	-1.34361
-17.8	-1.34284
-17.82	-1.34207
-17.84	-1.34131
-17.86	-1.34054
-17.88	-1.33978
-17.9	-1.33902
-17.92	-1.33826
-17.94	-1.3375
-17.96	-1.33674
-17.98	-1.33599
-18	-1.33523
-18.02	-1.33448
-18.04	-1.33373
-18.06	-1.33298
-18.08	-1.33223
-18.1	-1.33148
-18.12	-1.33073
-18.14	-1.32999
-18.16	-1.32924
-18.18	-1.3285
-18.2	-1.32776
-18.22	-1.32701
-18.24	-1.32628
-18.26	-1.32554
-18.28	-1.3248
-18.3	-1.32406
-18.32	-1.32333
-18.34	-1.3226
-18.36	-1.32186
-18.38	-1.32113
-18.4	-1.3204
-18.42	-1.31968
-18.44	-1.31895
-18.46	-1.31822
-18.48	-1.3175
-18.5	-1.31677
-18.52	-1.31605
-18.54	-1.31533
-18.56	-1.31461
-18.58	-1.31389
-18.6	-1.31318
-18.62	-1.31246
-18.64	-1.31174
-18.66	-1.31103
-18.68	-1.31032
-18.7	-1.30961
-18.72	-1.3089
-18.74	-1.30819
-18.76	-1.30748
-18.78	-1.30677
-18.8	-1.30607
-18.82	-1.30536
-18.84	-1.30466
-18.86	-1.30395
-18.88	-1.30325
-18.9	-1.30255
-18.92	-1.30185
-18.94	-1.30116
-18.96	-1.30046
-18.98	-1.29976
-19	-1.29907
-19.02	-1.29838
-19.04	-1.29768
-19.06	-1.29699
-19.08	-1.2963
-19.1	-1.29562
-19.12	-1.29493
-19.14	-1.29424
-19.16	-1.29356
-19.18	-1.29287
-19.2	-1.29219
-19.22	-1.29151
-19.24	-1.29082
-19.26	-1.29014
-19.28	-1.28947
-19.3	-1.28879
-19.32	-1.28811
-19.34	-1.28744
-19.36	-1.28676
-19.38	-1.28609
-19.4	-1.28541
-19.42	-1.28474
-19.44	-1.28407
-19.46	-1.2834
-19.48	-1.28274
-19.5	-1.28207
-19.52	-1.2814
-19.54	-1.28074
-19.56	-1.28007
-19.58	-1.27941
-19.6	-1.27875
-19.62	-1.27809
-19.64	-1.27743
-19.66	-1.27677
-19.68	-1.27611
-19.7	-1.27545
-19.72	-1.2748
-19.74	-1.27414
-19.76	-1.27349
-19.78	-1.27284
-19.8	-1.27218
-19.82	-1.27153
-19.84	-1.27088
-19.86	-1.27024
-19.88	-1.26959
-19.9	-1.26894
-19.92	-1.2683
-19.94	-1.26765
-19.96	-1.26701
-19.98	-1.26636
-20	-1.26572
-19.98	-1.26508
-19.96	-1.26444
-19.94	-1.2638
-19.92	-1.26317
-19.9	-1.26253
-19.88	-1.26189
-19.86	-1.26126
-19.84	-1.26062
-19.82	-1.25999
-19.8	-1.25936
-19.78	-1.25873
-19.76	-1.2581
-19.74	-1.25747
-19.72	-1.25684
-19.7	-1.25621
-19.68	-1.25559
-19.66	-1.25496
-19.64	-1.25434
-19.62	-1.25371
-19.6	-1.25309
-19.58	-1.25247
-19.56	-1.25185
-19.54	-1.25123
-19.52	-1.25061
-19.5	-1.24999
-19.48	-1.24938
-19.46	-1.24876
-19.44	-1.24814
-19.42	-1.24753
-19.4	-1.24692
-19.38	-1.2463
-19.36	-1.24569
-19.34	-1.24508
-19.32	-1.24447
-19.3	-1.24386
-19.28	-1.24326
-19.26	-1.24265
-19.24	-1.24204
-19.22	-1.24144
-19.2	-1.24083
-19.18	-1.24023
-19.16	-1.23963
-19.14	-1.23903
-19.12	-1.23843
-19.1	-1.23783
-19.08	-1.23723
-19.06	-1.23663
-19.04	-1.23603
-19.02	-1.23543
-19	-1.23484
-18.98	-1.23424
-18.96	-1.23365
-18.94	-1.23306
-18.92	-1.23247
-18.9	-1.23187
-18.88	-1.23128
-18.86	-1.2307
-18.84	-1.23011
-18.82	-1.22952
-18.8	-1.22893
-18.78	-1.22835
-18.76	-1.22776
-18.74	-1.22718
-18.72	-1.22659
-18.7	-1.22601
-18.68	-1.22543
-18.66	-1.22485
-18.64	-1.22427
-18.62	-1.22369
-18.6	-1.22311
-18.58	-1.22253
-18.56	-1.22195
-18.54	-1.22138
-18.52	-1.2208
-18.5	-1.22023
-18.48	-1.21965
-18.46	-1.21908
-18.44	-1.21851
-18.42	-1.21794
-18.4	-1.21737
-18.38	-1.2168
-18.36	-1.21623
-18.34	-1.21566
-18.32	-1.2151
-18.3	-1.21453
-18.28	-1.21396
-18.26	-1.2134
-18.24	-1.21283
-18.22	-1.21227
-18.2	-1.21171
-18.18	-1.21115
-18.16	-1.21059
-18.14	-1.21003
-18.12	-1.20947
-18.1	-1.20891
-18.08	-1.20835
-18.06	-1.20779
-18.04	-1.20724
-18.02	-1.20668
-18	-1.20613
-17.98	-1.20557
-17.96	-1.20502
-17.94	-1.20447
-17.92	-1.20392
-17.9	-1.20337
-17.88	-1.20282
-17.86	-1.20227
-17.84	-1.20172
-17.82	-1.20117
-17.8	-1.20062
-17.78	-1.20008
-17.76	-1.19953
-17.74	-1.19899
-17.72	-1.19844
-17.7	-1.1979
-17.68	-1.19736
-17.66	-1.19682
-17.64	-1.19628
-17.62	-1.19574
-17.6	-1.1952
-17.58	-1.19466
-17.56	-1.19412
-17.54	-1.19358
-17.52	-1.19304
-17.5	-1.19251
-17.48	-1.19197
-17.46	-1.19144
-17.44	-1.19091
-17.42	-1.19037
-17.4	-1.18984
-17.38	-1.18931
-17.36	-1.18878
-17.34	-1.18825
-17.32	-1.18772
-17.3	-1.18719
-17.28	-1.18666
-17.26	-1.18613
-17.24	-1.18561
-17.22	-1.18508
-17.2	-1.18456
-17.18	-1.18403
-17.16	-1.18351
-17.14	-1.18299
-17.12	-1.18246
-17.1	-1.18194
-17.08	-1.18142
-17.06	-1.1809
-17.04	-1.18038
-17.02	-1.17986
-17	-1.17934
-16.98	-1.17883
-16.96	-1.17831
-16.94	-1.17779
-16.92	-1.17728
-16.9	-1.17676
-16.88	-1.17625
-16.86	-1.17574
-16.84	-1.17522
-16.82	-1.17471
-16.8	-1.1742
-16.78	-1.17369
-16.76	-1.17318
-16.74	-1.17267
-16.72	-1.17216
-16.7	-1.17165
-16.68	-1.17115
-16.66	-1.17064
-16.64	-1.17013
-16.62	-1.16963
-16.6	-1.16912
-16.58	-1.16862
-16.56	-1.16811
-16.54	-1.16761
-16.52	-1.16711
-16.5	-1.16661
-16.48	-1.16611
-16.46	-1.16561
-16.44	-1.16511
-16.42	-1.16461
-16.4	-1.16411
-16.38	-1.16361
-16.36	-1.16312
-16.34	-1.16262
-16.32	-1.16212
-16.3	-1.16163
-16.28	-1.16113
-16.26	-1.16064
-16.24	-1.16015
-16.22	-1.15966
-16.2	-1.15916
-16.18	-1.15867
-16.16	-1.15818
-16.14	-1.15769
-16.12	-1.1572
-16.1	-1.15671
-16.08	-1.15623
-16.06	-1.15574
-16.04	-1.15525
-16.02	-1.15476
-16	-1.15428
-15.98	-1.15379
-15.96	-1.15331
-15.94	-1.15283
-15.92	-1.15234
-15.9	-1.15186
-15.88	-1.15138
-15.86	-1.1509
-15.84	-1.15042
-15.82	-1.14994
-15.8	-1.14946
-15.78	-1.14898
-15.76	-1.1485
-15.74	-1.14802
-15.72	-1.14754
-15.7	-1.14707
-15.68	-1.14659
-15.66	-1.14612
-15.64	-1.14564
-15.62	-1.14517
-15.6	-1.14469
-15.58	-1.14422
-15.56	-1.14375
-15.54	-1.14328
-15.52	-1.14281
-15.5	-1.14233
-15.48	-1.14186
-15.46	-1.1414
-15.44	-1.14093
-15.42	-1.14046
-15.4	-1.13999
-15.38	-1.13952
-15.36	-1.13906
-15.34	-1.13859
-15.32	-1.13812
-15.3	-1.13766
-15.28	-1.1372
-15.26	-1.13673
-15.24	-1.13627
-15.22	-1.13581
-15.2	-1.13534
-15.18	-1.13488
-15.16	-1.13442
-15.14	-1.13396
-15.12	-1.1335
-15.1	-1.13304
-15.08	-1.13258
-15.06	-1.13213
-15.04	-1.13167
-15.02	-1.13121
-15	-1.13075
-14.98	-1.1303
-14.96	-1.12984
-14.94	-1.12939
-14.92	-1.12893
-14.9	-1.12848
-14.88	-1.12803
-14.86	-1.12758
-14.84	-1.12712
-14.82	-1.12667
-14.8	-1.12622
-14.78	-1.12577
-14.76	-1.12532
-14.74	-1.12487
-14.72	-1.12442
-14.7	-1.12397
-14.68	-1.12353
-14.66	-1.12308
-14.64	-1.12263
-14.62	-1.12219
-14.6	-1.12174
-14.58	-1.1213
-14.56	-1.12085
-14.54	-1.12041
-14.52	-1.11996
-14.5	-1.11952
-14.48	-1.11908
-14.46	-1.11864
-14.44	-1.1182
-14.42	-1.11775
-14.4	-1.11731
-14.38	-1.11687
-14.36	-1.11644
-14.34	-1.116
-14.32	-1.11556
-14.3	-1.11512
-14.28	-1.11468
-14.26	-1.11425
-14.24	-1.11381
-14.22	-1.11338
-14.2	-1.11294
-14.18	-1.11251
-14.16	-1.11207
-14.14	-1.11164
-14.12	-1.1112
-14.1	-1.11077
-14.08	-1.11034
-14.06	-1.10991
-14.04	-1.10948
-14.02	-1.10905
-14	-1.10862
-13.98	-1.10819
-13.96	-1.10776
-13.94	-1.10733
-13.92	-1.1069
-13.9	-1.10647
-13.88	-1.10605
-13.86	-1.10562
-13.84	-1.10519
-13.82	-1.10477
-13.8	-1.10434
-13.78	-1.10392
-13.76	-1.10349
-13.74	-1.10307
-13.72	-1.10265
-13.7	-1.10222
-13.68	-1.1018
-13.66	-1.10138
-13.64	-1.10096
-13.62	-1.10054
-13.6	-1.10012
-13.58	-1.0997
-13.56	-1.09928
-13.54	-1.09886
-13.52	-1.09844
-13.5	-1.09802
-13.48	-1.09761
-13.46	-1.09719
-13.44	-1.09677
-13.42	-1.09636
-13.4	-1.09594
-13.38	-1.09553
-13.36	-1.09511
-13.34	-1.0947
-13.32	-1.09428
-13.3	-1.09387
-13.28	-1.09346
-13.26	-1.09304
-13.24	-1.09263
-13.22	-1.09222
-13.2	-1.09181
-13.18	-1.0914
-13.16	-1.09099
-13.14	-1.09058
-13.12	-1.09017
-13.1	-1.08976
-13.08	-1.08935
-13.06	-1.08895
-13.04	-1.08854
-13.02	-1.08813
-13	-1.08773
-12.98	-1.08732
-12.96	-1.08691
-12.94	-1.08651
-12.92	-1.0861
-12.9	-1.0857
-12.88	-1.0853
-12.86	-1.08489
-12.84	-1.08449
-12.82	-1.08409
-12.8	-1.08369
-12.78	-1.08328
-12.76	-1.08288
-12.74	-1.08248
-12.72	-1.08208
-12.7	-1.08168
-12.68	-1.08128
-12.66	-1.08088
-12.64	-1.08049
-12.62	-1.08009
-12.6	-1.07969
-12.58	-1.07929
-12.56	-1.0789
-12.54	-1.0785
-12.52	-1.0781
-12.5	-1.07771
-12.48	-1.07731
-12.46	-1.07692
-12.44	-1.07652
-12.42	-1.07613
-12.4	-1.07574
-12.38	-1.07534
-12.36	-1.07495
-12.34	-1.07456
-12.32	-1.07417
-12.3	-1.07378
-12.28	-1.07338
-12.26	-1.07299
-12.24	-1.0726
-12.22	-1.07221
-12.2	-1.07182
-12.18	-1.07144
-12.16	-1.07105
-12.14	-1.07066
-12.12	-1.07027
-12.1	-1.06988
-12.08	-1.0695
-12.06	-1.06911
-12.04	-1.06872
-12.02	-1.06834
-12	-1.06795
-11.98	-1.06757
-11.96	-1.06718
-11.94	-1.0668
-11.92	-1.06642
-11.9	-1.06603
-11.88	-1.06565
-11.86	-1.06527
-11.84	-1.06488
-11.82	-1.0645
-11.8	-1.06412
-11.78	-1.06374
-11.76	-1.06336
-11.74	-1.06298
-11.72	-1.0626
-11.7	-1.06222
-11.68	-1.06184
-11.66	-1.06146
-11.64	-1.06108
-11.62	-1.0607
-11.6	-1.06033
-11.58	-1.05995
-11.56	-1.05957
-11.54	-1.05919
-11.52	-1.05882
-11.5	-1.05844
-11.48	-1.05807
-11.46	-1.05769
-11.44	-1.05732
-11.42	-1.05694
-11.4	-1.05657
-11.38	-1.05619
-11.36	-1.05582
-11.34	-1.05545
-11.32	-1.05507
-11.3	-1.0547
-11.28	-1.05433
-11.26	-1.05396
-11.24	-1.05359
-11.22	-1.05322
-11.2	-1.05284
-11.18	-1.05247
-11.16	-1.0521
-11.14	-1.05173
-11.12	-1.05136
-11.1	-1.051
-11.08	-1.05063
-11.06	-1.05026
-11.04	-1.04989
-11.02	-1.04952
-11	-1.04915
-10.98	-1.04879
-10.96	-1.04842
-10.94	-1.04805
-10.92	-1.04769
-10.9	-1.04732
-10.88	-1.04696
-10.86	-1.04659
-10.84	-1.04623
-10.82	-1.04586
-10.8	-1.0455
-10.78	-1.04513
-10.76	-1.04477
-10.74	-1.0444
-10.72	-1.04404
-10.7	-1.04368
-10.68	-1.04331
-10.66	-1.04295
-10.64	-1.04259
-10.62	-1.04223
-10.6	-1.04187
-10.58	-1.0415
-10.56	-1.04114
-10.54	-1.04078
-10.52	-1.04042
-10.5	-1.04006
-10.48	-1.0397
-10.46	-1.03934
-10.44	-1.03898
-10.42	-1.03862
-10.4	-1.03826
-10.38	-1.0379
-10.36	-1.03755
-10.34	-1.03719
-10.32	-1.03683
-10.3	-1.03647
-10.28	-1.03611
-10.26	-1.03576
-10.24	-1.0354
-10.22	-1.03504
-10.2	-1.03469
-10.18	-1.03433
-10.16	-1.03397
-10.14	-1.03362
-10.12	-1.03326
-10.1	-1.0329
-10.08	-1.03255
-10.06	-1.03219
-10.04	-1.03184
-10.02	-1.03148
-10	-1.03113
-9.98	-1.03077
-9.96	-1.03042
-9.94	-1.03006
-9.92	-1.02971
-9.9	-1.02936
-9.88	-1.029
-9.86	-1.02865
-9.84	-1.02829
-9.82	-1.02794
-9.8	-1.02759
-9.78	-1.02723
-9.76	-1.02688
-9.74	-1.02653
-9.72	-1.02617
-9.7	-1.02582
-9.68	-1.02547
-9.66	-1.02512
-9.64	-1.02476
-9.62	-1.02441
-9.6	-1.02406
-9.58	-1.02371
-9.56	-1.02335
-9.54	-1.023
-9.52	-1.02265
-9.5	-1.0223
-9.48	-1.02194
-9.46	-1.02159
-9.44	-1.02124
-9.42	-1.02089
-9.4	-1.02054
-9.38	-1.02018
-9.36	-1.01983
-9.34	-1.01948
-9.32	-1.01913
-9.3	-1.01877
-9.28	-1.01842
-9.26	-1.01807
-9.24	-1.01772
-9.22	-1.01737
-9.2	-1.01701
-9.18	-1.01666
-9.16	-1.01631
-9.14	-1.01596
-9.12	-1.0156
-9.1	-1.01525
-9.08	-1.0149
-9.06	-1.01454
-9.04	-1.01419
-9.02	-1.01384
-9	-1.01348
-8.98	-1.01313
-8.96	-1.01278
-8.94	-1.01242
-8.92	-1.01207
-8.9	-1.01171
-8.88	-1.01136
-8.86	-1.011
-8.84	-1.01065
-8.82	-1.01029
-8.8	-1.00994
-8.78	-1.00958
-8.76	-1.00922
-8.74	-1.00887
-8.72	-1.00851
-8.7	-1.00815
-8.68	-1.0078
-8.66	-1.00744
-8.64	-1.00708
-8.62	-1.00672
-8.6	-1.00636
-8.58	-1.006
-8.56	-1.00564
-8.54	-1.00528
-8.52	-1.00492
-8.5	-1.00456
-8.48	-1.0042
-8.46	-1.00383
-8.44	-1.00347
-8.42	-1.00311
-8.4	-1.00274
-8.38	-1.00238
-8.36	-1.00201
-8.34	-1.00165
-8.32	-1.00128
-8.3	-1.00091
-8.28	-1.00055
-8.26	-1.00018
-8.24	-0.999808
-8.22	-0.999438
-8.2	-0.999067
-8.18	-0.998696
-8.16	-0.998323
-8.14	-0.99795
-8.12	-0.997576
-8.1	-0.997201
-8.08	-0.996825
-8.06	-0.996448
-8.04	-0.99607
-8.02	-0.995691
-8	-0.995311
-7.98	-0.99493
-7.96	-0.994549
-7.94	-0.994166
-7.92	-0.993781
-7.9	-0.993396
-7.88	-0.99301
-7.86	-0.992622
-7.84	-0.992233
-7.82	-0.991843
-7.8	-0.991451
-7.78	-0.991058
-7.76	-0.990664
-7.74	-0.990269
-7.72	-0.989872
-7.7	-0.989473
-7.68	-0.989073
-7.66	-0.988671
-7.64	-0.988268
-7.62	-0.987864
-7.6	-0.987457
-7.58	-0.987049
-7.56	-0.986639
-7.54	-0.986227
-7.52	-0.985814
-7.5	-0.985399
-7.48	-0.984981
-7.46	-0.984562
-7.44	-0.984141
-7.42	-0.983718
-7.4	-0.983292
-7.38	-0.982865
-7.36	-0.982435
-7.34	-0.982003
-7.32	-0.981569
-7.3	-0.981133
-7.28	-0.980694
-7.26	-0.980252
-7.24	-0.979808
-7.22	-0.979362
-7.2	-0.978913
-7.18	-0.978461
-7.16	-0.978006
-7.14	-0.977549
-7.12	-0.977089
-7.1	-0.976626
-7.08	-0.97616
-7.06	-0.975691
-7.04	-0.975218
-7.02	-0.974743
-7	-0.974264
-6.98	-0.973782
-6.96	-0.973297
-6.94	-0.972808
-6.92	-0.972315
-6.9	-0.971819
-6.88	-0.971319
-6.86	-0.970815
-6.84	-0.970308
-6.82	-0.969796
-6.8	-0.969281
-6.78	-0.968761
-6.76	-0.968237
-6.74	-0.967709
-6.72	-0.967176
-6.7	-0.966639
-6.68	-0.966097
-6.66	-0.965551
-6.64	-0.964999
-6.62	-0.964443
-6.6	-0.963882
-6.58	-0.963316
-6.56	-0.962744
-6.54	-0.962168
-6.52	-0.961585
-6.5	-0.960998
-6.48	-0.960404
-6.46	-0.959805
-6.44	-0.9592
-6.42	-0.958589
-6.4	-0.957971
-6.38	-0.957348
-6.36	-0.956718
-6.34	-0.956081
-6.32	-0.955438
-6.3	-0.954788
-6.28	-0.95413
-6.26	-0.953466
-6.24	-0.952795
-6.22	-0.952116
-6.2	-0.951429
-6.18	-0.950735
-6.16	-0.950033
-6.14	-0.949323
-6.12	-0.948605
-6.1	-0.947878
-6.08	-0.947142
-6.06	-0.946398
-6.04	-0.945645
-6.02	-0.944883
-6	-0.944112
-5.98	-0.943331
-5.96	-0.942541
-5.94	-0.94174
-5.92	-0.94093
-5.9	-0.940109
-5.88	-0.939278
-5.86	-0.938436
-5.84	-0.937583
-5.82	-0.93672
-5.8	-0.935844
-5.78	-0.934957
-5.76	-0.934059
-5.74	-0.933148
-5.72	-0.932225
-5.7	-0.931289
-5.68	-0.930341
-5.66	-0.929379
-5.64	-0.928404
-5.62	-0.927416
-5.6	-0.926413
-5.58	-0.925397
-5.56	-0.924365
-5.54	-0.92332
-5.52	-0.922259
-5.5	-0.921183
-5.48	-0.920091
-5.46	-0.918983
-5.44	-0.917859
-5.42	-0.916718
-5.4	-0.915561
-5.38	-0.914386
-5.36	-0.913193
-5.34	-0.911983
-5.32	-0.910754
-5.3	-0.909506
-5.28	-0.90824
-5.26	-0.906954
-5.24	-0.905648
-5.22	-0.904322
-5.2	-0.902975
-5.18	-0.901607
-5.16	-0.900218
-5.14	-0.898806
-5.12	-0.897373
-5.1	-0.895917
-5.08	-0.894437
-5.06	-0.892934
-5.04	-0.891407
-5.02	-0.889855
-5	-0.888278
-4.98	-0.886675
-4.96	-0.885047
-4.94	-0.883391
-4.92	-0.881709
-4.9	-0.879999
-4.88	-0.878261
-4.86	-0.876494
-4.84	-0.874698
-4.82	-0.872872
-4.8	-0.871015
-4.78	-0.869127
-4.76	-0.867208
-4.74	-0.865257
-4.72	-0.863272
-4.7	-0.861255
-4.68	-0.859202
-4.66	-0.857116
-4.64	-0.854993
-4.62	-0.852835
-4.6	-0.850639
-4.58	-0.848406
-4.56	-0.846135
-4.54	-0.843825
-4.52	-0.841475
-4.5	-0.839084
-4.48	-0.836652
-4.46	-0.834178
-4.44	-0.831661
-4.42	-0.829101
-4.4	-0.826496
-4.38	-0.823845
-4.36	-0.821149
-4.34	-0.818405
-4.32	-0.815613
-4.3	-0.812772
-4.28	-0.809882
-4.26	-0.80694
-4.24	-0.803948
-4.22	-0.800902
-4.2	-0.797803
-4.18	-0.794649
-4.16	-0.79144
-4.14	-0.788173
-4.12	-0.78485
-4.1	-0.781467
-4.08	-0.778024
-4.06	-0.774521
-4.04	-0.770955
-4.02	-0.767327
-4	-0.763634
-3.98	-0.759875
-3.96	-0.75605
-3.94	-0.752157
-3.92	-0.748194
-3.9	-0.744161
-3.88	-0.740057
-3.86	-0.73588
-3.84	-0.731628
-3.82	-0.727301
-3.8	-0.722897
-3.78	-0.718414
-3.76	-0.713852
-3.74	-0.709209
-3.72	-0.704484
-3.7	-0.699674
-3.68	-0.694779
-3.66	-0.689798
-3.64	-0.684728
-3.62	-0.679568
-3.6	-0.674316
-3.58	-0.668972
-3.56	-0.663533
-3.54	-0.657998
-3.52	-0.652365
-3.5	-0.646633
-3.48	-0.640799
-3.46	-0.634863
-3.44	-0.628822
-3.42	-0.622674
-3.4	-0.616419
-3.38	-0.610054
-3.36	-0.603577
-3.34	-0.596987
-3.32	-0.590282
-3.3	-0.58346
-3.28	-0.576518
-3.26	-0.569456
-3.24	-0.562271
-3.22	-0.554961
-3.2	-0.547525
-3.18	-0.53996
-3.16	-0.532264
-3.14	-0.524435
-3.12	-0.516472
-3.1	-0.508373
-3.08	-0.500134
-3.06	-0.491755
-3.04	-0.483233
-3.02	-0.474565
-3	-0.465751
-2.98	-0.456787
-2.96	-0.447672
-2.94	-0.438403
-2.92	-0.428978
-2.9	-0.419396
-2.88	-0.409653
-2.86	-0.399748
-2.84	-0.389678
-2.82	-0.379442
-2.8	-0.369037
-2.78	-0.35846
-2.76	-0.34771
-2.74	-0.336784
-2.72	-0.32568
-2.7	-0.314396
-2.68	-0.30293
-2.66	-0.291278
-2.64	-0.27944
-2.62	-0.267413
-2.6	-0.255194
-2.58	-0.242782
-2.56	-0.230174
-2.54	-0.217368
-2.52	-0.204361
-2.5	-0.191152
-2.48	-0.177739
-2.46	-0.164119
-2.44	-0.15029
-2.42	-0.13625
-2.4	-0.121998
-2.38	-0.10753
-2.36	-0.092845
-2.34	-0.0779411
-2.32	-0.0628163
-2.3	-0.0474685
-2.28	-0.031896
-2.26	-0.0160968
-2.24	-6.92553e-05
-2.22	0.0161885
-2.2	0.0326781
-2.18	0.0494012
-2.16	0.0663594
-2.14	0.0835543
-2.12	0.100987
-2.1	0.11866
-2.08	0.136573
-2.06	0.154728
-2.04	0.173127
-2.02	0.19177
-2	0.210659
-1.98	0.229794
-1.96	0.249177
-1.94	0.268807
-1.92	0.288687
-1.9	0.308816
-1.88	0.329194
-1.86	0.349823
-1.84	0.370702
-1.82	0.391832
-1.8	0.413213
-1.78	0.434844
-1.76	0.456726
-1.74	0.478858
-1.72	0.50124
-1.7	0.523871
-1.68	0.54675
-1.66	0.569876
-1.64	0.593249
-1.62	0.616868
-1.6	0.64073
-1.58	0.664835
-1.56	0.689181
-1.54	0.713766
-1.52	0.738588
-1.5	0.763645
-1.48	0.788935
-1.46	0.814456
-1.44	0.840204
-1.42	0.866177
-1.4	0.892371
-1.38	0.918785
-1.36	0.945413
-1.34	0.972254
-1.32	0.999302
-1.3	1.02655
-1.28	1.05401
-1.26	1.08165
-1.24	1.10949
-1.22	1.13752
-1.2	1.16572
-1.18	1.19411
-1.16	1.22266
-1.14	1.25138
-1.12	1.28026
-1.1	1.30929
-1.08	1.33847
-1.06	1.36779
-1.04	1.39725
-1.02	1.42683
-1	1.45654
-0.98	1.48635
-0.96	1.51628
-0.94	1.54631
-0.92	1.57642
-0.9	1.60662
-0.88	1.6369
-0.86	1.66724
-0.84	1.69765
-0.82	1.7281
-0.8	1.7586
-0.78	1.78913
-0.76	1.81968
-0.74	1.85025
-0.72	1.88083
-0.7	1.9114
-0.68	1.94196
-0.66	1.9725
-0.64	2.003
-0.62	2.03347
-0.6	2.06388
-0.58	2.09423
-0.56	2.12451
-0.54	2.15471
-0.52	2.18481
-0.5	2.21482
-0.48	2.24471
-0.46	2.27448
-0.44	2.30411
-0.42	2.33361
-0.4	2.36295
-0.38	2.39213
-0.36	2.42113
-0.34	2.44995
-0.32	2.47858
-0.3	2.507
-0.28	2.53521
-0.26	2.56319
-0.24	2.59094
-0.22	2.61845
-0.2	2.6457
-0.18	2.67269
-0.16	2.69941
-0.14	2.72585
-0.12	2.752
-0.1	2.77784
-0.08	2.80338
-0.06	2.82861
-0.04	2.8535
-0.02	2.87806
3.37681e-13	2.90229
0.02	2.92616
0.04	2.94967
0.06	2.97282
0.08	2.9956
0.1	3.018
0.12	3.04001
0.14	3.06163
0.16	3.08286
0.18	3.10368
0.2	3.12409
0.22	3.14408
0.24	3.16366
0.26	3.18281
0.28	3.20153
0.3	3.21982
0.32	3.23767
0.34	3.25508
0.36	3.27204
0.38	3.28856
0.4	3.30462
0.42	3.32023
0.44	3.33539
0.46	3.35009
0.48	3.36433
0.5	3.37811
0.52	3.39143
0.54	3.40429
0.56	3.41669
0.58	3.42862
0.6	3.44009
0.62	3.4511
0.64	3.46165
0.66	3.47174
0.68	3.48136
0.7	3.49053
0.72	3.49925
0.74	3.50751
0.76	3.51532
0.78	3.52268
0.8	3.52959
0.82	3.53606
0.84	3.54209
0.86	3.54768
0.88	3.55283
0.9	3.55756
0.92	3.56186
0.94	3.56574
0.96	3.5692
0.98	3.57224
1	3.57488
1.02	3.57711
1.04	3.57895
1.06	3.58039
1.08	3.58144
1.1	3.5821
1.12	3.58239
1.14	3.58231
1.16	3.58186
1.18	3.58105
1.2	3.57988
1.22	3.57836
1.24	3.5765
1.26	3.57431
1.28	3.57178
1.3	3.56892
1.32	3.56575
1.34	3.56227
1.36	3.55847
1.38	3.55438
1.4	3.55
1.42	3.54532
1.44	3.54037
1.46	3.53514
1.48	3.52965
1.5	3.52389
1.52	3.51787
1.54	3.51161
1.56	3.50511
1.58	3.49837
1.6	3.49139
1.62	3.4842
1.64	3.47679
1.66	3.46916
1.68	3.46133
1.7	3.4533
1.72	3.44508
1.74	3.43667
1.76	3.42808
1.78	3.41932
1.8	3.41038
1.82	3.40128
1.84	3.39203
1.86	3.38262
1.88	3.37306
1.9	3.36336
1.92	3.35353
1.94	3.34356
1.96	3.33347
1.98	3.32326
2	3.31293
2.02	3.3025
2.04	3.29196
2.06	3.28131
2.08	3.27057
2.1	3.25974
2.12	3.24883
2.14	3.23783
2.16	3.22675
2.18	3.2156
2.2	3.20438
2.22	3.1931
2.24	3.18175
2.26	3.17035
2.28	3.15889
2.3	3.14738
2.32	3.13583
2.34	3.12424
2.36	3.11261
2.38	3.10094
2.4	3.08924
2.42	3.07751
2.44	3.06576
2.46	3.05398
2.48	3.04219
2.5	3.03038
2.52	3.01856
2.54	3.00672
2.56	2.99488
2.58	2.98303
2.6	2.97118
2.62	2.95933
2.64	2.94749
2.66